Tiempo (s)	Temperatura (°C)	Voltaje HV (V)	Voltaje HV (V)	Corriente (nA)
1250	0	41.37	40.87	2.3
1252	0	41.36	40.86	2.39
1254	0	41.4	40.9	2.42
1256	0	41.39	40.89	2.35
1258	-0.1	41.39	40.89	2.41
1260	0	41.39	40.89	2.44
1262	0	41.39	40.89	2.37
1264	-0.1	41.39	40.89	2.39
1266	0	41.39	40.89	2.42
1268	-0.1	41.4	40.9	2.32
1270	0	41.39	40.89	2.43
1272	0	41.4	40.9	2.36
1274	0	41.39	40.89	2.39
1276	0	41.4	40.9	2.42
1278	-0.1	41.39	40.89	2.4
1280	0	41.39	40.89	2.43
1282	-0.1	41.39	40.89	2.37
1284	-0.1	41.39	40.89	2.4
1286	-0.1	41.39	40.89	2.41
1288	-0.1	41.38	40.88	2.4
1290	0	41.42	40.92	2.42
1292	0	41.45	40.95	2.38
1294	0	41.46	40.96	2.38
1296	0	41.45	40.95	2.44
1298	0	41.45	40.95	2.42
1300	0	41.45	40.95	2.41
1302	0	41.45	40.95	2.38
1304	0	41.45	40.95	2.38
1306	0	41.44	40.94	2.41
1308	0	42.15	41.65	2.4
1310	0	42.44	41.94	2.43
1312	0	42.45	41.95	2.44
1314	0	42.46	41.96	2.34
1316	0.1	42.46	41.96	2.44
1318	0	42.47	41.97	2.28
1320	0	42.46	41.96	2.45
1322	0	42.46	41.96	2.39
1324	0	42.45	41.95	2.45
1326	0	42.46	41.96	2.4
1328	0	42.45	41.95	2.47
1330	0	42.45	41.95	2.39
1332	0	42.45	41.95	2.45
1334	0	42.45	41.95	2.39
1336	0	42.44	41.94	2.42
1338	0	42.45	41.95	2.35
1340	0	42.45	41.95	2.46
1342	0	42.46	41.96	2.32
1344	0	42.44	41.94	2.5
1346	0	42.45	41.95	2.39
1348	0	42.51	42.01	2.39
1350	0	42.42	41.92	2.4
1352	-0.1	42.42	41.92	2.41
1354	0	42.41	41.91	2.44
1356	0	43.3	42.8	2.49
1358	-0.1	43.42	42.92	2.46
1360	0	43.42	42.92	2.47
1362	0	43.43	42.93	2.38
1364	0	43.42	42.92	2.47
1366	0	43.43	42.93	2.42
1368	0	43.43	42.93	2.41
1370	0	43.43	42.93	2.41
1372	0	43.43	42.93	2.45
1374	0	43.43	42.93	2.4
1376	0	43.42	42.92	2.47
1378	0	43.43	42.93	2.38
1380	0	43.43	42.93	2.37
1382	0	43.42	42.92	2.51
1384	0	43.43	42.93	2.42
1386	0.1	43.43	42.93	2.33
1388	0	43.43	42.93	2.35
1390	0	43.42	42.92	2.54
1392	0	43.43	42.93	2.4
1394	0	43.42	42.92	2.45
1396	0	43.42	42.92	2.43
1398	0	43.42	42.92	2.46
1400	0	44.28	43.78	2.47
1402	0	44.43	43.93	2.52
1404	0	44.44	43.94	2.47
1406	0	44.44	43.94	2.43
1408	0	44.44	43.94	2.51
1410	0	44.44	43.94	2.47
1412	0	44.44	43.94	2.48
1414	0	44.45	43.95	2.39
1416	0	44.44	43.94	2.5
1418	0	44.45	43.95	2.38
1420	0	44.44	43.94	2.51
1422	0	44.44	43.94	2.46
1424	0	44.45	43.95	2.39
1426	0	44.44	43.94	2.43
1428	0	44.44	43.94	2.51
1430	0	44.45	43.95	2.45
1432	0	44.45	43.95	2.47
1434	0	44.44	43.94	2.51
1436	0	44.45	43.95	2.4
1438	0	44.45	43.95	2.43
1440	0	44.44	43.94	2.47
1442	0	44.44	43.94	2.49
1444	0.1	44.46	43.96	2.33
1446	0	44.45	43.95	2.39
1448	0	44.44	43.94	2.53
1450	0	44.44	43.94	2.45
1452	0	45.31	44.81	2.53
1454	0	45.46	44.96	2.45
1456	0	45.46	44.96	2.53
1458	0	45.47	44.97	2.43
1460	0	45.47	44.97	2.57
1462	0	45.47	44.97	2.54
1464	0	45.47	44.97	2.49
1466	0	45.47	44.97	2.47
1468	0	45.47	44.97	2.54
1470	0	45.47	44.97	2.56
1472	0	45.48	44.98	2.41
1474	-0.1	45.46	44.96	2.6
1476	0	45.46	44.96	2.57
1478	0	45.47	44.97	2.5
1480	-0.1	45.47	44.97	2.52
1482	-0.1	45.47	44.97	2.54
1484	-0.1	45.47	44.97	2.54
1486	0	45.47	44.97	2.52
1488	0	45.47	44.97	2.54
1490	0	45.47	44.97	2.49
1492	0	45.47	44.97	2.51
1494	0	45.47	44.97	2.56
1496	0	45.47	44.97	2.52
1498	0	45.47	44.97	2.5
1500	0	46.01	45.51	2.56
1502	-0.1	46.46	45.96	2.53
1504	0	46.47	45.97	2.59
1506	0	46.49	45.99	2.57
1508	0	46.49	45.99	2.57
1510	0	46.49	45.99	2.55
1512	-0.1	46.49	45.99	2.5
1514	0	46.48	45.98	2.68
1516	0	46.49	45.99	2.53
1518	0	46.49	45.99	2.56
1520	0	46.49	45.99	2.53
1522	0	46.49	45.99	2.58
1524	0	46.49	45.99	2.55
1526	0	46.49	45.99	2.49
1528	0	46.49	45.99	2.62
1530	0	46.5	46	2.47
1532	0	46.46	45.96	2.59
1534	0	46.44	45.94	2.58
1536	0	46.44	45.94	2.46
1538	0	46.43	45.93	2.6
1540	0	46.44	45.94	2.5
1542	0	46.43	45.93	2.56
1544	0	46.44	45.94	2.44
1546	0	46.43	45.93	2.56
1548	0	46.44	45.94	2.54
1550	0	46.44	45.94	2.53
1552	0	46.84	46.34	2.62
1554	0	47.43	46.93	2.57
1556	0	47.45	46.95	2.48
1558	0	47.44	46.94	2.59
1560	0	47.44	46.94	2.58
1562	0	47.45	46.95	2.55
1564	0	47.45	46.95	2.56
1566	0	47.45	46.95	2.56
1568	0	47.45	46.95	2.54
1570	0	47.45	46.95	2.48
1572	0	47.45	46.95	2.58
1574	0	47.45	46.95	2.49
1576	0	47.44	46.94	2.56
1578	0	47.45	46.95	2.5
1580	0	47.44	46.94	2.54
1582	0.1	47.45	46.95	2.54
1584	0	47.45	46.95	2.41
1586	0	47.44	46.94	2.59
1588	0	47.45	46.95	2.47
1590	0	47.45	46.95	2.5
1592	0	47.44	46.94	2.53
1594	0	47.44	46.94	2.61
1596	0	47.45	46.95	2.5
1598	0	47.44	46.94	2.58
1600	0.1	47.45	46.95	2.44
1602	0	48.11	47.61	2.54
1604	0	48.44	47.94	2.62
1606	0	48.45	47.95	2.58
1608	0	48.45	47.95	2.52
1610	0	48.45	47.95	2.55
1612	0	48.45	47.95	2.54
1614	0	48.45	47.95	2.5
1616	0	48.45	47.95	2.57
1618	0	48.45	47.95	2.63
1620	0	48.46	47.96	2.45
1622	0	48.45	47.95	2.52
1624	0	48.45	47.95	2.6
1626	0	48.45	47.95	2.57
1628	0	48.45	47.95	2.53
1630	0	48.45	47.95	2.56
1632	0	48.45	47.95	2.54
1634	0	48.45	47.95	2.54
1636	0	48.45	47.95	2.51
1638	0	48.45	47.95	2.48
1640	0	48.45	47.95	2.54
1642	0	48.45	47.95	2.55
1644	-0.1	48.45	47.95	2.48
1646	0	48.44	47.94	2.6
1648	0	48.45	47.95	2.5
1650	0	48.45	47.95	2.48
1652	0	49.07	48.57	2.63
1654	0	49.45	48.95	2.58
1656	0	49.47	48.97	2.47
1658	0	49.46	48.96	2.58
1660	0	49.46	48.96	2.56
1662	0	49.46	48.96	2.56
1664	0	49.46	48.96	2.59
1666	0	49.47	48.97	2.46
1668	0	49.47	48.97	2.6
1670	0	49.46	48.96	2.62
1672	0	49.47	48.97	2.51
1674	0	49.46	48.96	2.59
1676	0	49.46	48.96	2.56
1678	0	49.47	48.97	2.57
1680	0	49.46	48.96	2.62
1682	0	49.47	48.97	2.49
1684	0	49.47	48.97	2.51
1686	0	49.47	48.97	2.6
1688	0	49.46	48.96	2.63
1690	0	49.47	48.97	2.53
1692	0	49.47	48.97	2.54
1694	0	49.47	48.97	2.51
1696	0	49.47	48.97	2.55
1698	0	49.46	48.96	2.64
1700	0	49.47	48.97	2.55
1702	0	50.17	49.67	2.66
1704	0.1	50.47	49.97	2.49
1706	0	50.48	49.98	2.51
1708	0	50.47	49.97	2.72
1710	0	50.48	49.98	2.54
1712	0	50.47	49.97	2.64
1714	0	50.48	49.98	2.63
1716	0	50.48	49.98	2.56
1718	0	50.47	49.97	2.62
1720	0	50.48	49.98	2.58
1722	0	50.47	49.97	2.57
1724	0	50.48	49.98	2.58
1726	0	50.48	49.98	2.58
1728	0	50.48	49.98	2.58
1730	0	50.48	49.98	2.56
1732	0	50.48	49.98	2.63
1734	0	50.48	49.98	2.57
1736	0	50.48	49.98	2.56
1738	0	50.47	49.97	2.63
1740	0	50.48	49.98	2.56
1742	0	50.48	49.98	2.53
1744	0	50.48	49.98	2.6
1746	0	50.48	49.98	2.55
1748	0	50.48	49.98	2.55
1750	0	50.47	49.97	2.65
1752	0	50.85	50.35	2.57
1754	0	50.98	50.48	2.54
1756	0	50.99	50.49	2.54
1758	0	50.99	50.49	2.57
1760	0	50.99	50.49	2.57
1762	0	50.99	50.49	2.51
1764	0	50.99	50.49	2.58
1766	0	50.99	50.49	2.56
1768	0	50.99	50.49	2.55
1770	0	50.99	50.49	2.59
1772	0	51	50.5	2.48
1774	0.1	51	50.5	2.46
1776	0.1	51	50.5	2.44
1778	0	51	50.5	2.45
1780	0	50.99	50.49	2.56
1782	0	50.99	50.49	2.46
1784	0	51	50.5	2.44
1786	0	50.99	50.49	2.48
1788	0	50.99	50.49	2.42
1790	0.1	51	50.5	2.41
1792	0	51	50.5	2.4
1794	0	50.99	50.49	2.48
1796	0	50.99	50.49	2.48
1798	0	50.99	50.49	2.5
1800	0	50.99	50.49	2.5
1802	0	51.49	50.99	2.52
1804	0	51.48	50.98	2.54
1806	0	51.49	50.99	2.53
1808	0	51.48	50.98	2.61
1810	0	51.49	50.99	2.47
1812	0	51.49	50.99	2.55
1814	0	51.49	50.99	2.58
1816	0.1	51.5	51	2.49
1818	0	51.49	50.99	2.52
1820	0	51.48	50.98	2.64
1822	0	51.5	51	2.47
1824	0	51.49	50.99	2.63
1826	0	51.49	50.99	2.54
1828	0	51.49	50.99	2.54
1830	0	51.49	50.99	2.58
1832	0	51.49	50.99	2.54
1834	0	51.49	50.99	2.52
1836	0	51.49	50.99	2.53
1838	0	51.49	50.99	2.57
1840	0	51.49	50.99	2.49
1842	0	51.49	50.99	2.52
1844	0	51.48	50.98	2.59
1846	0	51.49	50.99	2.5
1848	0	51.48	50.98	2.6
1850	0	51.49	50.99	2.49
1852	0	51.82	51.32	2.68
1854	0	51.99	51.49	2.69
1856	0	52	51.5	2.74
1858	0	52	51.5	2.68
1860	0	52.01	51.51	2.68
1862	0	52	51.5	2.73
1864	0	52.01	51.51	2.71
1866	0	52.01	51.51	2.56
1868	0	52.01	51.51	2.65
1870	0	52.01	51.51	2.66
1872	0	52.01	51.51	2.67
1874	0	52.01	51.51	2.68
1876	0.1	52	51.5	2.72
1878	0	52.01	51.51	2.61
1880	0.1	52	51.5	2.75
1882	0	52.01	51.51	2.64
1884	0	52	51.5	2.7
1886	0	52.01	51.51	2.6
1888	0	52.01	51.51	2.68
1890	0	52	51.5	2.69
1892	0	52.01	51.51	2.58
1894	0	52	51.5	2.67
1896	0	52.01	51.51	2.56
1898	0	52.01	51.51	2.57
1900	0	52.01	51.51	2.65
1902	0	52.49	51.99	2.92
1904	0	52.5	52	2.88
1906	0	52.5	52	2.9
1908	0	52.51	52.01	2.9
1910	0	52.51	52.01	2.99
1912	0.1	52.51	52.01	2.89
1914	0.1	52.52	52.02	2.87
1916	0	52.52	52.02	2.91
1918	0	52.51	52.01	2.97
1920	0	52.52	52.02	2.88
1922	0	52.51	52.01	2.99
1924	0	52.52	52.02	2.88
1926	0	52.51	52.01	3.03
1928	-0.1	52.51	52.01	2.99
1930	0	52.51	52.01	3.05
1932	-0.1	52.52	52.02	2.94
1934	-0.1	52.51	52.01	3
1936	0	52.51	52.01	2.97
1938	-0.1	52.51	52.01	2.9
1940	0	52.51	52.01	2.94
1942	-0.1	52.52	52.02	2.81
1944	0	52.5	52	3.03
1946	0	52.51	52.01	2.9
1948	0	52.52	52.02	2.93
1950	0	52.51	52.01	3
1952	0	52.98	52.48	3.43
1954	0	53.01	52.51	3.34
1956	0	53.01	52.51	3.41
1958	0	53.02	52.52	3.26
1960	0	53.02	52.52	3.36
1962	0.1	53.02	52.52	3.43
1964	0	53.03	52.53	3.17
1966	0	53.01	52.51	3.43
1968	0	53.02	52.52	3.36
1970	0.1	53.02	52.52	3.35
1972	0	53.03	52.53	3.26
1974	0	53.01	52.51	3.38
1976	0	53.02	52.52	3.33
1978	0	53.01	52.51	3.42
1980	0	53.02	52.52	3.33
1982	0.1	53.02	52.52	3.31
1984	0	53.03	52.53	3.2
1986	0	53.01	52.51	3.35
1988	0	53.01	52.51	3.29
1990	0	53.02	52.52	3.29
1992	0	53.02	52.52	3.33
1994	0	53.02	52.52	3.36
1996	0	53.02	52.52	3.43
1998	0	53.02	52.52	3.35
2000	0	53.02	52.52	3.29
2002	0	53.02	52.52	3.28
2004	0	53.33	52.83	3.7
2006	0.1	53.5	53	4.01
2008	0	53.52	53.02	3.8
2010	0	53.51	53.01	3.97
2012	0	53.52	53.02	3.92
2014	0	53.52	53.02	3.89
2016	0	53.52	53.02	4.02
2018	0	53.52	53.02	3.97
2020	0	53.52	53.02	3.93
2022	0	53.53	53.03	3.87
2024	0	53.52	53.02	3.97
2026	0	53.52	53.02	3.93
2028	0	53.52	53.02	4.01
2030	0	53.52	53.02	3.98
2032	0	53.53	53.03	3.87
2034	0	53.51	53.01	4.01
2036	-0.1	53.52	53.02	3.9
2038	0	53.52	53.02	3.96
2040	0	53.52	53.02	3.95
2042	0	53.52	53.02	3.92
2044	0	53.52	53.02	4.03
2046	0	53.52	53.02	3.88
2048	0	53.52	53.02	4
2050	0	53.52	53.02	3.92
2052	0.1	53.52	53.02	3.96
2054	0	53.53	53.03	3.84
2056	0	53.75	53.25	4.22
2058	0	54.01	53.51	4.63
2060	0	54.02	53.52	4.61
2062	0	54.02	53.52	4.71
2064	0	54.03	53.53	4.63
2066	-0.1	54.02	53.52	4.77
2068	0	54.02	53.52	4.72
2070	-0.1	54.04	53.54	4.56
2072	0	54.02	53.52	4.75
2074	0	54.04	53.54	4.62
2076	0	54.03	53.53	4.66
2078	0	54.02	53.52	4.67
2080	0	54.03	53.53	4.64
2082	0	54.03	53.53	4.49
2084	0	54.03	53.53	4.56
2086	0	54.03	53.53	4.54
2088	0	54.02	53.52	4.71
2090	-0.1	54.03	53.53	4.64
2092	0	54.02	53.52	4.64
2094	0	54.03	53.53	4.63
2096	0	54.03	53.53	4.68
2098	0	54.03	53.53	4.63
2100	0	54.35	53.85	5.17
2102	0	54.5	54	5.59
2104	0	54.52	54.02	5.53
2106	0	54.52	54.02	5.47
2108	0	54.52	54.02	5.52
2110	0	54.52	54.02	5.52
2112	0	54.52	54.02	5.5
2114	0	54.52	54.02	5.46
2116	0	54.52	54.02	5.66
2118	-0.1	54.52	54.02	5.54
2120	-0.1	54.52	54.02	5.58
2122	0	54.52	54.02	5.55
2124	0	54.53	54.03	5.52
2126	0	54.51	54.01	5.55
2128	0	54.53	54.03	5.44
2130	-0.1	54.51	54.01	5.52
2132	0.1	54.52	54.02	5.53
2134	-0.1	54.54	54.04	5.33
2136	0	54.51	54.01	5.52
2138	0	54.53	54.03	5.39
2140	0	54.52	54.02	5.47
2142	-0.1	54.52	54.02	5.46
2144	0	54.52	54.02	5.47
2146	0	54.53	54.03	5.36
2148	0	54.52	54.02	5.42
2150	-0.1	54.52	54.02	5.46
2152	0	54.54	54.04	5.58
2154	0	55.03	54.53	6.61
2156	-0.1	55.03	54.53	6.42
2158	0	55.02	54.52	6.67
2160	-0.1	55.03	54.53	6.22
2162	0	55.02	54.52	6.12
2164	0	55.03	54.53	6.16
2166	0	55.03	54.53	6.07
2168	0	55.03	54.53	6.24
2170	0	55.03	54.53	6.12
2172	0	55.03	54.53	6.15
2174	0	55.03	54.53	6.14
2176	0	55.03	54.53	6.13
2178	0	55.03	54.53	6.17
2180	0.1	55.03	54.53	6.1
2182	0	55.05	54.55	6.03
2184	0	55.03	54.53	6.16
2186	0	55.03	54.53	6.26
2188	0.1	55.03	54.53	6.07
2190	0	55.04	54.54	5.89
2192	0	55.03	54.53	6.02
2194	0.1	55.04	54.54	6.07
2196	0.1	55.03	54.53	6.12
2198	0.1	55.04	54.54	6.21
2200	0.1	55.04	54.54	6.18
2202	0.1	55.54	55.04	7.44
2204	0.1	55.53	55.03	7.35
2206	0.1	55.53	55.03	7.33
2208	0.1	55.54	55.04	7.26
2210	0.1	55.54	55.04	7.31
2212	0.1	55.53	55.03	7.32
2214	0.1	55.54	55.04	7.28
2216	0.1	55.54	55.04	7.37
2218	0.1	55.53	55.03	7.34
2220	0.1	55.53	55.03	7.35
2222	0.1	55.55	55.05	7.28
2224	0.1	55.54	55.04	7.46
2226	0.1	55.54	55.04	7.33
2228	0.1	55.54	55.04	7.29
2230	0.1	55.54	55.04	7.29
2232	0.1	55.54	55.04	7.22
2234	0.1	55.54	55.04	7.35
2236	0.1	55.54	55.04	7.34
2238	0.1	55.54	55.04	7.24
2240	0.1	55.53	55.03	7.27
2242	0.1	55.54	55.04	7.23
2244	0.1	55.53	55.03	7.43
2246	0.1	55.54	55.04	7.31
2248	0.1	55.54	55.04	7.33
2250	0.1	55.54	55.04	7.3
2252	0.1	55.54	55.04	7.26
2254	0.1	55.54	55.04	7.35
2256	0.1	55.54	55.04	7.39
2258	0.1	56.03	55.53	8.75
2260	0.1	56.04	55.54	8.81
2262	0.1	56.04	55.54	8.65
2264	0.1	56.04	55.54	8.73
2266	0.1	56.05	55.55	8.94
2268	0	56.05	55.55	8.8
2270	0.1	56.03	55.53	8.8
2272	0.1	56.05	55.55	8.63
2274	0.1	56.05	55.55	8.83
2276	0.1	56.04	55.54	8.67
2278	0	56.05	55.55	8.71
2280	0	56.04	55.54	8.96
2282	0.1	56.04	55.54	9.03
2284	0	56.05	55.55	8.75
2286	0	56.04	55.54	8.94
2288	0.1	56.04	55.54	9
2290	0.1	56.05	55.55	8.85
2292	0	56.04	55.54	8.71
2294	0	56.03	55.53	9.13
2296	0	56.04	55.54	8.76
2298	0	56.04	55.54	8.69
2300	0	56.04	55.54	8.88
2302	0	56.04	55.54	8.86
2304	0	56.48	55.98	10.31
2306	0.1	56.55	56.05	10.6
2308	0	56.55	56.05	10.59
2310	0	56.55	56.05	10.56
2312	0.1	56.55	56.05	10.58
2314	0	56.56	56.06	10.58
2316	0.1	56.55	56.05	10.62
2318	0.1	56.56	56.06	10.67
2320	0.1	56.55	56.05	10.59
2322	0.1	56.56	56.06	10.55
2324	0.1	56.56	56.06	10.63
2326	0.1	56.56	56.06	10.49
2328	0.2	56.55	56.05	10.68
2330	0.1	56.57	56.07	10.62
2332	0.1	56.55	56.05	10.66
2334	0.1	56.56	56.06	10.58
2336	0	56.56	56.06	10.79
2338	0.1	56.55	56.05	10.71
2340	0.1	56.56	56.06	10.68
2342	0.1	56.55	56.05	10.6
2344	0.1	56.56	56.06	10.68
2346	0.1	56.55	56.05	10.64
2348	0.1	56.56	56.06	10.67
2350	0.1	56.67	56.17	11.24
2352	0	57.05	56.55	12.69
2354	0.1	57.05	56.55	12.73
2356	0.1	57.07	56.57	12.62
2358	0.1	57.06	56.56	12.83
2360	0.1	57.06	56.56	12.71
2362	0	57.06	56.56	12.91
2364	0.1	57.06	56.56	12.75
2366	0	57.07	56.57	12.6
2368	0.1	57.06	56.56	12.78
2370	0.1	57.07	56.57	12.77
2372	0.1	57.06	56.56	12.77
2374	0.1	57.06	56.56	12.75
2376	0	57.07	56.57	12.78
2378	0.1	57.06	56.56	12.9
2380	0.1	57.07	56.57	12.75
2382	0.1	57.07	56.57	12.72
2384	0	57.06	56.56	12.82
2386	0.1	57.06	56.56	12.83
2388	0	57.07	56.57	12.69
2390	0	57.06	56.56	12.81
2392	0	57.07	56.57	12.72
2394	0.1	57.06	56.56	12.79
2396	0.1	57.06	56.56	12.76
2398	0.1	57.07	56.57	12.8
2400	0	57.29	56.79	13.81
2402	0	57.55	57.05	15.41
2404	0	57.56	57.06	15.41
2406	0	57.56	57.06	15.23
2408	0	57.57	57.07	15.15
2410	0.1	57.57	57.07	15.17
2412	0.1	57.58	57.08	15.46
2414	0	57.57	57.07	15.4
2416	0.1	57.56	57.06	15.36
2418	0.1	57.58	57.08	15.39
2420	0	57.56	57.06	15.28
2422	0	57.57	57.07	15.48
2424	0	57.56	57.06	15.41
2426	0	57.57	57.07	15.52
2428	0	57.56	57.06	15.46
2430	0	57.57	57.07	15.4
2432	0	57.56	57.06	15.46
2434	0	57.57	57.07	15.29
2436	0	57.57	57.07	15.33
2438	0	57.57	57.07	15.43
2440	0	57.57	57.07	15.49
2442	0.1	57.56	57.06	15.69
2444	0.1	57.57	57.07	15.48
2446	0	57.57	57.07	15.49
2448	0	57.56	57.06	15.7
2450	0	57.57	57.07	15.6
2452	0	57.96	57.46	18.3
2454	0	58.06	57.56	18.95
2456	0	58.07	57.57	18.44
2458	0	58.07	57.57	18.54
2460	0	58.07	57.57	18.85
2462	0	58.08	57.58	18.72
2464	0	58.07	57.57	18.52
2466	0	58.07	57.57	18.59
2468	0	58.08	57.58	18.61
2470	0	58.07	57.57	18.37
2472	0	58.08	57.58	18.61
2474	0	58.08	57.58	18.66
2476	-0.1	58.07	57.57	18.62
2478	0	58.07	57.57	18.86
2480	0	58.08	57.58	18.72
2482	-0.1	58.07	57.57	18.45
2484	0	58.07	57.57	18.79
2486	0	58.07	57.57	18.77
2488	0	58.07	57.57	18.61
2490	0	58.07	57.57	18.31
2492	0	58.07	57.57	18.71
2494	0	58.07	57.57	18.77
2496	0	58.07	57.57	18.65
2498	0	58.08	57.58	18.75
2500	-0.1	58.07	57.57	18.46
2502	0.1	58.33	57.83	20.45
2504	0	58.58	58.08	22
2506	0	58.57	58.07	22.29
2508	0	58.58	58.08	21.87
2510	0	58.57	58.07	22.42
2512	0	58.57	58.07	22.22
2514	0	58.58	58.08	22.07
2516	0	58.57	58.07	22.38
2518	0	58.57	58.07	22.2
2520	0	58.58	58.08	22.12
2522	0	58.58	58.08	22.1
2524	0	58.57	58.07	22.44
2526	0	58.58	58.08	22.3
2528	0	58.57	58.07	22.11
2530	0	58.58	58.08	22.56
2532	0.1	58.58	58.08	22.02
2534	0	58.58	58.08	22.32
2536	0	58.57	58.07	22.45
2538	0	58.58	58.08	22.47
2540	0	58.57	58.07	22.59
2542	0	58.57	58.07	22.48
2544	0	58.58	58.08	22.25
2546	0.1	58.57	58.07	22.22
2548	0	58.58	58.08	22.38
2550	0	58.57	58.07	22.18
2552	0	58.7	58.2	23.23
2554	0	59.07	58.57	26.4
2556	0	59.07	58.57	26.88
2558	0.1	59.08	58.58	26.8
2560	0	59.08	58.58	26.62
2562	0	59.07	58.57	26.68
2564	0.1	59.08	58.58	27.11
2566	0	59.08	58.58	26.48
2568	0	59.07	58.57	26.85
2570	0	59.08	58.58	27.11
2572	0	59.07	58.57	26.59
2574	0	59.08	58.58	27
2576	0	59.07	58.57	27.09
2578	0	59.08	58.58	26.48
2580	0	59.08	58.58	26.46
2582	-0.1	59.08	58.58	26.59
2584	0	59.07	58.57	27.24
2586	0	59.09	58.59	27.01
2588	0	59.07	58.57	26.73
2590	0	59.08	58.58	26.78
2592	0	59.08	58.58	26.82
2594	0	59.07	58.57	26.76
2596	0	59.08	58.58	27.03
2598	0	59.08	58.58	26.91
2600	0	59.07	58.57	26.84
2602	0	59.08	58.58	26.56
2604	-0.1	59.45	58.95	30.79
2606	0	59.57	59.07	32.05
2608	0	59.59	59.09	31.98
2610	0	59.58	59.08	32.06
2612	-0.1	59.59	59.09	32.14
2614	0	59.58	59.08	32.62
2616	0	59.6	59.1	32.07
2618	0	59.59	59.09	32.41
2620	0	59.59	59.09	32.35
2622	0	59.57	59.07	31.92
2624	0	59.59	59.09	32.38
2626	0	59.59	59.09	32.42
2628	0	59.59	59.09	32.38
2630	0	59.59	59.09	32.15
2632	0	59.59	59.09	32.75
2634	0	59.58	59.08	31.99
2636	0	59.59	59.09	32.05
2638	0	59.59	59.09	32.16
2640	0	59.58	59.08	32.34
2642	0	59.58	59.08	32.23
2644	0	59.59	59.09	32.2
2646	0	59.59	59.09	32.33
2648	0	59.59	59.09	31.81
2650	0	59.59	59.09	32.24
2652	0	59.76	59.26	34.42
2654	0	60.08	59.58	38.47
2656	0	60.09	59.59	38.49
2658	0	60.08	59.58	38.87
2660	0.1	60.09	59.59	38.94
2662	0	60.1	59.6	38.83
2664	0	60.09	59.59	38.06
2666	0	60.09	59.59	39.12
2668	0	60.09	59.59	39.34
2670	0	60.09	59.59	38.79
2672	0	60.09	59.59	38.54
2674	0	60.09	59.59	38.73
2676	0	60.08	59.58	38.74
2678	0	60.09	59.59	38.32
2680	0	60.08	59.58	39.27
2682	0	60.09	59.59	38.76
2684	0	60.09	59.59	38.84
2686	0.1	60.09	59.59	38.67
2688	0	60.1	59.6	39
2690	0	60.08	59.58	38.76
2692	0	60.09	59.59	38.87
2694	0	60.09	59.59	39.07
2696	0	60.08	59.58	39.2
2698	-0.1	60.09	59.59	38.95
2700	0	60.08	59.58	39.39
2702	-0.1	60.45	59.95	44.81
2704	0	60.58	60.08	47
2706	0	60.6	60.1	47.24
2708	-0.1	60.59	60.09	47.33
2710	0	60.59	60.09	46.98
2712	0	60.6	60.1	47.31
2714	-0.1	60.6	60.1	47.56
2716	0	60.59	60.09	47.63
2718	-0.1	60.6	60.1	46.88
2720	0	60.59	60.09	47.43
2722	-0.1	60.61	60.11	46.94
2724	-0.1	60.59	60.09	47.01
2726	0	60.59	60.09	47.16
2728	-0.1	60.6	60.1	47.26
2730	0	60.6	60.1	47.23
2732	0	60.6	60.1	47.68
2734	-0.1	60.59	60.09	47.31
2736	-0.1	60.59	60.09	47.27
2738	0	60.6	60.1	47.38
2740	0	60.6	60.1	47.18
2742	-0.1	60.6	60.1	47.54
2744	0	60.59	60.09	47.58
2746	-0.1	60.61	60.11	46.92
2748	0	60.59	60.09	46.99
2750	-0.1	60.6	60.1	47.82
