Tiempo (s)	Temperatura (°C)	Voltaje HV (V) Sin correccion	Voltaje HV (V)	Corriente (nA)
1000	9.9	40.98	40.88	3.3
1002	9.9	40.98	40.88	3.32
1004	10	40.98	40.88	3.3
1006	9.9	40.99	40.89	3.5
1008	9.9	40.98	40.88	3.4
1010	9.9	40.98	40.88	3.28
1012	9.9	40.98	40.88	3.34
1014	9.9	40.98	40.88	3.22
1016	9.9	40.98	40.88	3.37
1018	9.9	40.98	40.88	3.4
1020	9.9	40.98	40.88	3.33
1022	9.8	40.98	40.88	3.28
1024	9.8	40.98	40.88	3.29
1026	9.9	40.97	40.87	3.21
1028	9.9	40.99	40.89	3.42
1030	9.9	40.98	40.88	3.34
1032	10	40.98	40.88	3.34
1034	10	40.99	40.89	3.54
1036	9.9	40.99	40.89	3.51
1038	9.9	40.98	40.88	3.32
1040	10	40.98	40.88	3.4
1042	10	40.99	40.89	3.5
1044	9.9	40.98	40.88	3.32
1046	9.8	40.98	40.88	3.25
1048	10	40.97	40.87	3.22
1050	10	41	40.9	3.53
1052	10	40.99	40.89	3.48
1054	9.9	40.98	40.88	3.45
1056	10	40.97	40.87	3.17
1058	10	40.98	40.88	3.27
1060	9.9	40.99	40.89	3.39
1062	10	40.98	40.88	3.26
1064	10	40.99	40.89	3.39
1066	9.9	40.98	40.88	3.25
1068	9.9	40.98	40.88	3.29
1070	10	40.98	40.88	3.25
1072	10	40.99	40.89	3.4
1074	10	40.98	40.88	3.37
1076	10	40.99	40.89	3.42
1078	10	40.98	40.88	3.33
1080	10	40.99	40.89	3.34
1082	9.9	40.99	40.89	3.46
1084	10	40.97	40.87	3.22
1086	10	40.99	40.89	3.41
1088	10	40.98	40.88	3.35
1090	10	40.98	40.88	3.32
1092	10	40.99	40.89	3.34
1094	10	40.98	40.88	3.21
1096	10	40.98	40.88	3.29
1098	10	40.98	40.88	3.29
1100	10	41.05	40.95	3.48
1102	9.9	41	40.9	3.31
1104	10	41.01	40.91	3.27
1106	9.9	41.02	40.92	3.42
1108	10	41.02	40.92	3.28
1110	10	41.03	40.93	3.29
1112	10	41.03	40.93	3.21
1114	10	41.03	40.93	3.44
1116	10	41.03	40.93	3.4
1118	10	41.02	40.92	3.18
1120	10.1	41.03	40.93	3.33
1122	10	41.03	40.93	3.47
1124	10	41.02	40.92	3.29
1126	10	41.03	40.93	3.36
1128	9.9	41.03	40.93	3.33
1130	9.9	41.02	40.92	3.25
1132	9.9	41.02	40.92	3.22
1134	9.9	41.03	40.93	3.36
1136	10	41.02	40.92	3.41
1138	10	41.02	40.92	3.4
1140	10	41.03	40.93	3.42
1142	10	41.03	40.93	3.42
1144	10	41.02	40.92	3.33
1146	10	41.03	40.93	3.4
1148	9.9	41.02	40.92	3.32
1150	10	41.15	41.05	3.33
1152	10	41.5	41.4	3.41
1154	10	41.52	41.42	3.38
1156	10	41.52	41.42	3.23
1158	10	41.53	41.43	3.4
1160	9.9	41.52	41.42	3.3
1162	10	41.52	41.42	3.27
1164	10	41.54	41.44	3.51
1166	10	41.52	41.42	3.27
1168	10	41.53	41.43	3.4
1170	10.1	41.52	41.42	3.36
1172	10	41.54	41.44	3.61
1174	10	41.52	41.42	3.33
1176	10	41.52	41.42	3.37
1178	10	41.53	41.43	3.44
1180	10	41.53	41.43	3.36
1182	9.9	41.52	41.42	3.29
1184	10	41.52	41.42	3.27
1186	10	41.53	41.43	3.4
1188	10	41.53	41.43	3.36
1190	10	41.52	41.42	3.27
1192	10	41.53	41.43	3.4
1194	10	41.52	41.42	3.31
1196	10	41.53	41.43	3.32
1198	9.9	41.53	41.43	3.42
1200	10	41.83	41.73	3.17
1202	10	42.01	41.91	3.36
1204	10	42.04	41.94	3.48
1206	10	42.03	41.93	3.31
1208	10	42.02	41.92	3.36
1210	10	42.03	41.93	3.45
1212	10	42.03	41.93	3.4
1214	10	42.03	41.93	3.27
1216	10	42.03	41.93	3.38
1218	10	42.03	41.93	3.27
1220	10	42.03	41.93	3.34
1222	10	42.03	41.93	3.34
1224	10	42.03	41.93	3.34
1226	10	42.04	41.94	3.32
1228	10	42.03	41.93	3.32
1230	10	42.03	41.93	3.32
1232	10	42.03	41.93	3.31
1234	10	42.03	41.93	3.4
1236	10	42.03	41.93	3.25
1238	10	42.03	41.93	3.42
1240	10	42.03	41.93	3.28
1242	10	42.03	41.93	3.3
1244	10	42.03	41.93	3.32
1246	10	42.03	41.93	3.35
1248	9.9	42.03	41.93	3.4
1250	9.9	42.3	42.2	3.27
1252	10	42.51	42.41	3.36
1254	9.9	42.53	42.43	3.38
1256	10	42.52	42.42	3.28
1258	10	42.54	42.44	3.44
1260	10	42.53	42.43	3.45
1262	10	42.53	42.43	3.42
1264	10	42.53	42.43	3.29
1266	10	42.53	42.43	3.35
1268	10	42.53	42.43	3.37
1270	10	42.53	42.43	3.37
1272	10	42.54	42.44	3.4
1274	10	42.53	42.43	3.3
1276	10	42.54	42.44	3.37
1278	10	42.54	42.44	3.41
1280	10.1	42.54	42.44	3.3
1282	10	42.54	42.44	3.42
1284	10	42.53	42.43	3.25
1286	10	42.53	42.43	3.35
1288	10	42.53	42.43	3.43
1290	10	42.53	42.43	3.37
1292	10	42.53	42.43	3.43
1294	10	42.53	42.43	3.45
1296	10	42.53	42.43	3.36
1298	10	42.54	42.44	3.47
1300	10	42.64	42.54	3.46
1302	10	43.02	42.92	3.42
1304	10	43.03	42.93	3.48
1306	10	43.03	42.93	3.47
1308	10	43.03	42.93	3.34
1310	10	43.04	42.94	3.38
1312	10	43.03	42.93	3.32
1314	10	43.04	42.94	3.34
1316	10	43.04	42.94	3.39
1318	9.9	43.03	42.93	3.25
1320	9.9	43.03	42.93	3.31
1322	10	43.03	42.93	3.31
1324	10	43.04	42.94	3.49
1326	10	43.04	42.94	3.46
1328	10	43.03	42.93	3.33
1330	10	43.04	42.94	3.44
1332	9.9	43.04	42.94	3.44
1334	10	43.02	42.92	3.26
1336	10	43.04	42.94	3.52
1338	10.1	43.03	42.93	3.33
1340	10	43.04	42.94	3.5
1342	10	43.03	42.93	3.38
1344	10	43.03	42.93	3.24
1346	10	43.04	42.94	3.42
1348	10	43.04	42.94	3.4
1350	10	43.04	42.94	3.29
1352	10	43.16	43.06	3.3
1354	10	43.53	43.43	3.37
1356	10	43.53	43.43	3.38
1358	10	43.54	43.44	3.37
1360	10.1	43.55	43.45	3.51
1362	10.1	43.55	43.45	3.5
1364	10	43.54	43.44	3.36
1366	10	43.55	43.45	3.37
1368	10	43.55	43.45	3.32
1370	10	43.55	43.45	3.41
1372	10	43.54	43.44	3.31
1374	10	43.54	43.44	3.2
1376	10	43.55	43.45	3.46
1378	10.1	43.55	43.45	3.31
1380	10	43.55	43.45	3.47
1382	10	43.54	43.44	3.27
1384	10.1	43.55	43.45	3.43
1386	10.1	43.55	43.45	3.38
1388	10	43.55	43.45	3.39
1390	10	43.55	43.45	3.31
1392	10	43.54	43.44	3.34
1394	10	43.55	43.45	3.37
1396	10	43.54	43.44	3.35
1398	10	43.54	43.44	3.31
1400	10.1	43.72	43.62	3.41
1402	10	44.03	43.93	3.48
1404	10	44.04	43.94	3.42
1406	10	44.04	43.94	3.35
1408	10.1	44.05	43.95	3.36
1410	10.1	44.05	43.95	3.49
1412	10.1	44.04	43.94	3.37
1414	10	44.04	43.94	3.38
1416	10	44.05	43.95	3.41
1418	10	44.05	43.95	3.48
1420	10	44.05	43.95	3.41
1422	10	44.05	43.95	3.4
1424	10	44.05	43.95	3.38
1426	10	44.04	43.94	3.24
1428	10	44.05	43.95	3.36
1430	10.1	44.04	43.94	3.39
1432	10.1	44.05	43.95	3.43
1434	10	44.05	43.95	3.52
1436	10.1	44.04	43.94	3.31
1438	10.1	44.05	43.95	3.57
1440	10.1	44.05	43.95	3.46
1442	10.1	44.05	43.95	3.5
1444	10.1	44.05	43.95	3.48
1446	10	44.05	43.95	3.37
1448	10.1	44.05	43.95	3.39
1450	10.1	44.05	43.95	3.5
1452	10	44.53	44.43	3.46
1454	10	44.54	44.44	3.45
1456	10	44.54	44.44	3.34
1458	10	44.56	44.46	3.55
1460	10	44.55	44.45	3.36
1462	10.1	44.56	44.46	3.41
1464	10	44.56	44.46	3.52
1466	10	44.55	44.45	3.37
1468	10	44.56	44.46	3.43
1470	10	44.56	44.46	3.45
1472	10	44.55	44.45	3.3
1474	10	44.56	44.46	3.5
1476	10	44.56	44.46	3.4
1478	10	44.56	44.46	3.37
1480	10	44.56	44.46	3.43
1482	10	44.55	44.45	3.25
1484	10	44.56	44.46	3.41
1486	10	44.56	44.46	3.37
1488	10	44.55	44.45	3.22
1490	10.1	44.56	44.46	3.51
1492	10	44.56	44.46	3.41
1494	9.9	44.56	44.46	3.4
1496	9.9	44.55	44.45	3.21
1498	10	44.56	44.46	3.21
1500	10.1	44.6	44.5	3.5
1502	10	45.07	44.97	3.4
1504	10.1	45.05	44.95	3.37
1506	10.1	45.06	44.96	3.49
1508	10.1	45.06	44.96	3.45
1510	10.1	45.06	44.96	3.42
1512	10.1	45.07	44.97	3.45
1514	10	45.06	44.96	3.37
1516	10.1	45.06	44.96	3.44
1518	10.1	45.07	44.97	3.51
1520	10.1	45.06	44.96	3.4
1522	10.1	45.07	44.97	3.54
1524	10.1	45.06	44.96	3.42
1526	10	45.07	44.97	3.47
1528	10	45.06	44.96	3.25
1530	10.1	45.07	44.97	3.45
1532	10	45.56	45.46	3.44
1534	10	45.55	45.45	3.25
1536	10.1	45.59	45.49	3.38
1538	10.1	45.56	45.46	3.45
1540	10	45.56	45.46	3.39
1542	10	45.56	45.46	3.31
1544	10	45.57	45.47	3.48
1546	10.1	45.57	45.47	3.44
1548	10	45.57	45.47	3.49
1550	10.1	45.57	45.47	3.42
1552	10.1	45.57	45.47	3.51
1554	10.1	45.57	45.47	3.47
1556	10.1	45.57	45.47	3.36
1558	10	45.57	45.47	3.46
1560	10.1	45.57	45.47	3.42
1562	10.1	45.57	45.47	3.41
1564	10.1	45.57	45.47	3.44
1566	10.1	45.57	45.47	3.47
1568	10.1	45.57	45.47	3.39
1570	10	45.57	45.47	3.51
1572	10.1	45.57	45.47	3.37
1574	10.1	45.57	45.47	3.5
1576	10.1	45.57	45.47	3.41
1578	10	45.57	45.47	3.38
1580	10.1	45.56	45.46	3.3
1582	10	45.57	45.47	3.5
1584	10	45.57	45.47	3.4
1586	10	45.57	45.47	3.47
1588	10.1	45.57	45.47	3.37
1590	10	45.57	45.47	3.38
1592	10	45.56	45.46	3.2
1594	10.1	45.57	45.47	3.42
1596	10	45.57	45.47	3.55
1598	10	45.57	45.47	3.46
1600	10.1	45.82	45.72	3.4
1602	10	46.05	45.95	3.63
1604	10	46.06	45.96	3.43
1606	10.1	46.07	45.97	3.51
1608	10.1	46.07	45.97	3.46
1610	10	46.07	45.97	3.48
1612	10.1	46.06	45.96	3.27
1614	10.1	46.08	45.98	3.63
1616	10.1	46.07	45.97	3.45
1618	10.1	46.07	45.97	3.45
1620	10	46.08	45.98	3.5
1622	10.1	46.07	45.97	3.41
1624	10	46.08	45.98	3.58
1626	10	46.07	45.97	3.41
1628	10.1	46.07	45.97	3.51
1630	10	46.08	45.98	3.6
1632	10.1	46.07	45.97	3.51
1634	10	46.07	45.97	3.53
1636	10.1	46.07	45.97	3.48
1638	10.1	46.08	45.98	3.47
1640	10	46.07	45.97	3.45
1642	10.1	46.07	45.97	3.33
1644	10.1	46.08	45.98	3.58
1646	10	46.08	45.98	3.51
1648	10.1	46.07	45.97	3.34
1650	10.1	46.32	46.22	3.51
1652	10.1	46.57	46.47	3.46
1654	10	46.58	46.48	3.48
1656	10.1	46.58	46.48	3.41
1658	10.1	46.59	46.49	3.55
1660	10.1	46.59	46.49	3.44
1662	10.1	46.59	46.49	3.52
1664	10.1	46.58	46.48	3.46
1666	10	46.59	46.49	3.45
1668	10.1	46.58	46.48	3.38
1670	10.1	46.59	46.49	3.4
1672	10.1	46.59	46.49	3.54
1674	10.1	46.58	46.48	3.48
1676	10.1	46.59	46.49	3.49
1678	10.1	46.59	46.49	3.51
1680	10	46.58	46.48	3.4
1682	10.1	46.58	46.48	3.38
1684	10	46.59	46.49	3.51
1686	10.1	46.58	46.48	3.43
1688	10.1	46.59	46.49	3.46
1690	10.1	46.59	46.49	3.5
1692	10.1	46.59	46.49	3.51
1694	10	46.59	46.49	3.44
1696	10.1	46.58	46.48	3.48
1698	10.1	46.59	46.49	3.58
1700	10.1	46.81	46.71	3.48
1702	10.1	47.07	46.97	3.47
1704	10.1	47.08	46.98	3.62
1706	10	47.08	46.98	3.51
1708	9.9	47.08	46.98	3.38
1710	10	47.08	46.98	3.38
1712	10	47.08	46.98	3.45
1714	10	47.09	46.99	3.5
1716	10.1	47.09	46.99	3.55
1718	10.1	47.08	46.98	3.48
1720	10.1	47.09	46.99	3.52
1722	10	47.09	46.99	3.44
1724	10	47.08	46.98	3.4
1726	10.1	47.09	46.99	3.5
1728	10.1	47.09	46.99	3.6
1730	10.1	47.09	46.99	3.55
1732	10.1	47.09	46.99	3.43
1734	10.1	47.09	46.99	3.54
1736	10.1	47.09	46.99	3.48
1738	10.1	47.09	46.99	3.59
1740	10	47.08	46.98	3.48
1742	10.1	47.09	46.99	3.38
1744	10	47.09	46.99	3.57
1746	10.1	47.08	46.98	3.45
1748	10.1	47.09	46.99	3.48
1750	10	47.28	47.18	3.53
1752	10.1	47.57	47.47	3.51
1754	10.1	47.58	47.48	3.58
1756	10.1	47.59	47.49	3.54
1758	10	47.59	47.49	3.56
1760	10	47.59	47.49	3.48
1762	10.1	47.58	47.48	3.37
1764	10.1	47.6	47.5	3.64
1766	10	47.59	47.49	3.57
1768	10.1	47.59	47.49	3.41
1770	10.1	47.59	47.49	3.59
1772	10.1	47.59	47.49	3.56
1774	10	47.59	47.49	3.49
1776	10.1	47.59	47.49	3.54
1778	10	47.59	47.49	3.51
1780	10	47.59	47.49	3.46
1782	9.9	47.59	47.49	3.46
1784	10.1	47.58	47.48	3.3
1786	10.1	47.6	47.5	3.64
1788	10.1	47.59	47.49	3.47
1790	10	47.59	47.49	3.52
1792	10	47.59	47.49	3.45
1794	10.1	47.59	47.49	3.42
1796	10.1	47.59	47.49	3.5
1798	10.1	47.59	47.49	3.57
1800	10.1	47.72	47.62	3.51
1802	10.1	48.07	47.97	3.63
1804	10.1	48.08	47.98	3.66
1806	10.1	48.09	47.99	3.68
1808	10	48.09	47.99	3.49
1810	10	48.08	47.98	3.5
1812	10.1	48.08	47.98	3.37
1814	10.1	48.09	47.99	3.66
1816	10.1	48.09	47.99	3.5
1818	10.1	48.09	47.99	3.57
1820	10.1	48.09	47.99	3.6
1822	10	48.09	47.99	3.45
1824	10.1	48.08	47.98	3.44
1826	10.1	48.09	47.99	3.48
1828	10	48.09	47.99	3.52
1830	10.1	48.09	47.99	3.47
1832	10	48.09	47.99	3.48
1834	10.1	48.09	47.99	3.39
1836	10	48.09	47.99	3.6
1838	10	48.08	47.98	3.45
1840	10	48.09	47.99	3.48
1842	10	48.08	47.98	3.44
1844	10	48.09	47.99	3.48
1846	10	48.09	47.99	3.52
1848	10.1	48.09	47.99	3.39
1850	10	48.58	48.48	3.61
1852	10	48.57	48.47	3.41
1854	10	48.58	48.48	3.46
1856	10	48.58	48.48	3.49
1858	10.1	48.59	48.49	3.62
1860	10.1	48.59	48.49	3.48
1862	10.1	48.59	48.49	3.5
1864	10.1	48.59	48.49	3.62
1866	10.1	48.59	48.49	3.56
1868	10.1	48.59	48.49	3.55
1870	10.1	48.58	48.48	3.49
1872	10.1	48.58	48.48	3.51
1874	10.1	48.59	48.49	3.5
1876	10.1	48.59	48.49	3.58
1878	10.1	48.59	48.49	3.54
1880	10	48.59	48.49	3.59
1882	10	48.58	48.48	3.54
1884	10.1	48.59	48.49	3.45
1886	10.1	48.59	48.49	3.61
1888	10.1	48.59	48.49	3.59
1890	10.1	48.59	48.49	3.65
1892	10.1	48.59	48.49	3.64
1894	10	48.58	48.48	3.53
1896	10.1	48.58	48.48	3.44
1898	10.1	48.59	48.49	3.68
1900	10	48.93	48.83	3.67
1902	10.1	49.07	48.97	3.52
1904	10	49.09	48.99	3.65
1906	10.1	49.09	48.99	3.55
1908	10	49.09	48.99	3.59
1910	10	49.09	48.99	3.55
1912	10.1	49.09	48.99	3.5
1914	10	49.09	48.99	3.67
1916	10	49.09	48.99	3.5
1918	10	49.09	48.99	3.54
1920	10	49.09	48.99	3.73
1922	10.1	49.09	48.99	3.5
1924	10.1	49.1	49	3.6
1926	10	49.09	48.99	3.69
1928	10	49.09	48.99	3.58
1930	10	49.09	48.99	3.48
1932	10	49.09	48.99	3.56
1934	10	49.1	49	3.63
1936	10.1	49.09	48.99	3.49
1938	10.1	49.1	49	3.68
1940	10.1	49.1	49	3.63
1942	10.1	49.09	48.99	3.6
1944	10.1	49.09	48.99	3.63
1946	10.1	49.1	49	3.61
1948	10.1	49.09	48.99	3.57
1950	10	49.09	48.99	3.55
1952	10	49.09	48.99	3.6
1954	10	49.47	49.37	3.64
1956	10	49.6	49.5	3.67
1958	10	49.59	49.49	3.64
1960	10.1	49.59	49.49	3.65
1962	10.1	49.6	49.5	3.62
1964	10.1	49.6	49.5	3.63
1966	10	49.6	49.5	3.56
1968	10	49.59	49.49	3.46
1970	10	49.59	49.49	3.48
1972	10	49.6	49.5	3.72
1974	10	49.59	49.49	3.53
1976	10	49.6	49.5	3.58
1978	10	49.6	49.5	3.56
1980	10	49.6	49.5	3.64
1982	10	49.6	49.5	3.52
1984	10	49.59	49.49	3.47
1986	10.1	49.6	49.5	3.67
1988	10.1	49.6	49.5	3.67
1990	10.1	49.6	49.5	3.61
1992	10.1	49.6	49.5	3.67
1994	10	49.6	49.5	3.72
1996	10	49.6	49.5	3.64
1998	10	49.6	49.5	3.59
2000	10	49.83	49.73	3.54
2002	10	50.08	49.98	3.54
2004	10.1	50.1	50	3.62
2006	10	50.1	50	3.68
2008	10.1	50.1	50	3.52
2010	10	50.1	50	3.61
2012	10.1	50.1	50	3.52
2014	10	50.11	50.01	3.67
2016	10	50.1	50	3.54
2018	10	50.09	49.99	3.4
2020	10.1	50.1	50	3.64
2022	10.1	50.1	50	3.67
2024	10.1	50.1	50	3.59
2026	10	50.1	50	3.69
2028	10.1	50.1	50	3.61
2030	10.1	50.1	50	3.61
2032	10.1	50.1	50	3.55
2034	10	50.1	50	3.66
2036	10	50.1	50	3.41
2038	10	50.1	50	3.6
2040	10.1	50.1	50	3.47
2042	10	50.11	50.01	3.58
2044	10.1	50.1	50	3.56
2046	10.1	50.1	50	3.59
2048	10.1	50.1	50	3.56
2050	10.1	50.1	50	3.57
2052	10.1	50.29	50.19	3.65
2054	10.1	50.59	50.49	3.61
2056	10.1	50.6	50.5	3.65
2058	10.1	50.6	50.5	3.73
2060	10	50.6	50.5	3.63
2062	10.1	50.59	50.49	3.45
2064	10.1	50.6	50.5	3.7
2066	10.1	50.6	50.5	3.58
2068	10	50.6	50.5	3.6
2070	10	50.6	50.5	3.57
2072	10.1	50.6	50.5	3.57
2074	10	50.6	50.5	3.7
2076	10.1	50.6	50.5	3.62
2078	10.1	50.6	50.5	3.64
2080	10.1	50.6	50.5	3.72
2082	10.1	50.6	50.5	3.6
2084	10	50.6	50.5	3.59
2086	10	50.6	50.5	3.5
2088	10.1	50.61	50.51	3.62
2090	10	50.6	50.5	3.57
2092	10.1	50.6	50.5	3.7
2094	10	50.6	50.5	3.64
2096	10.1	50.6	50.5	3.56
2098	10.1	50.61	50.51	3.65
2100	10.1	50.88	50.78	3.73
2102	10.1	51.1	51	3.58
2104	10.1	51.1	51	3.64
2106	10	51.1	51	3.62
2108	10.1	51.11	51.01	3.64
2110	10.1	51.11	51.01	3.66
2112	10.1	51.11	51.01	3.65
2114	10	51.11	51.01	3.68
2116	10.1	51.11	51.01	3.63
2118	10	51.11	51.01	3.77
2120	10	51.11	51.01	3.64
2122	10	51.11	51.01	3.7
2124	10	51.1	51	3.63
2126	10.1	51.11	51.01	3.76
2128	10.1	51.11	51.01	3.67
2130	10.1	51.11	51.01	3.71
2132	10	51.11	51.01	3.59
2134	10	51.11	51.01	3.59
2136	10	51.1	51	3.59
2138	10	51.1	51	3.51
2140	10	51.11	51.01	3.61
2142	10.1	51.11	51.01	3.76
2144	10	51.11	51.01	3.74
2146	10	51.1	51	3.58
2148	10	51.11	51.01	3.64
2150	10	51.18	51.08	3.62
2152	10	51.63	51.53	3.67
2154	10	51.59	51.49	3.77
2156	10.1	51.6	51.5	3.69
2158	10	51.61	51.51	3.8
2160	10	51.6	51.5	3.66
2162	10	51.6	51.5	3.68
2164	10.1	51.6	51.5	3.66
2166	9.9	51.61	51.51	3.72
2168	10	51.59	51.49	3.45
2170	10	51.61	51.51	3.82
2172	10	51.61	51.51	3.73
2174	10	51.6	51.5	3.62
2176	10	51.6	51.5	3.59
2178	10.1	51.61	51.51	3.75
2180	10	51.61	51.51	3.69
2182	10.1	51.6	51.5	3.6
2184	10	51.61	51.51	3.84
2186	10.1	51.6	51.5	3.65
2188	10	51.61	51.51	3.78
2190	10	51.61	51.51	3.78
2192	10.1	51.6	51.5	3.69
2194	10.1	51.61	51.51	3.82
2196	10	51.61	51.51	3.75
2198	10	51.6	51.5	3.49
2200	10.1	51.61	51.51	3.81
2202	10.1	51.77	51.67	4.01
2204	10.2	52.09	51.99	4.33
2206	10	52.11	52.01	4.32
2208	10.1	52.1	52	3.91
2210	10.2	52.12	52.02	4.39
2212	10	52.11	52.01	4.33
2214	10.1	52.11	52.01	3.99
2216	10.1	52.11	52.01	4.22
2218	10	52.12	52.02	4.22
2220	10.1	52.11	52.01	4.06
2222	10.1	52.11	52.01	4.09
2224	10.1	52.12	52.02	4.22
2226	10	52.11	52.01	4.19
2228	10	52.11	52.01	4.1
2230	10.1	52.11	52.01	4.11
2232	10.1	52.11	52.01	4.23
2234	10	52.12	52.02	4.11
2236	10.1	52.11	52.01	4.01
2238	10.1	52.11	52.01	4.26
2240	10.1	52.12	52.02	4.22
2242	10.1	52.11	52.01	4.12
2244	10.1	52.11	52.01	4.15
2246	10	52.12	52.02	4.14
2248	10	52.12	52.02	4.03
2250	10.1	52.11	52.01	4.1
2252	10	52.32	52.22	4.55
2254	10	52.59	52.49	4.61
2256	10	52.6	52.5	4.84
2258	10	52.61	52.51	4.8
2260	10	52.61	52.51	4.81
2262	10	52.61	52.51	4.82
2264	10	52.61	52.51	4.82
2266	10	52.61	52.51	4.88
2268	10	52.61	52.51	4.74
2270	10	52.61	52.51	4.87
2272	10	52.61	52.51	4.95
2274	10	52.61	52.51	4.8
2276	10.1	52.61	52.51	4.85
2278	10.1	52.62	52.52	4.98
2280	10.1	52.61	52.51	4.84
2282	10.1	52.61	52.51	4.89
2284	10.1	52.62	52.52	5
2286	10	52.61	52.51	4.75
2288	10.1	52.61	52.51	4.83
2290	10	52.61	52.51	4.86
2292	10.1	52.61	52.51	4.93
2294	10.2	52.61	52.51	4.95
2296	10.1	52.62	52.52	4.92
2298	10	52.61	52.51	4.72
2300	10.1	52.61	52.51	4.75
2302	10.1	52.9	52.8	5.61
2304	10.1	53.11	53.01	5.97
2306	10.1	53.11	53.01	6.04
2308	10.1	53.11	53.01	5.95
2310	10.1	53.12	53.02	5.98
2312	10.1	53.12	53.02	6.04
2314	10.1	53.12	53.02	5.94
2316	10	53.12	53.02	6.06
2318	10	53.12	53.02	5.91
2320	10	53.12	53.02	5.92
2322	10	53.12	53.02	5.97
2324	10.1	53.12	53.02	5.91
2326	10	53.13	53.03	6.15
2328	10.1	53.12	53.02	5.92
2330	10.1	53.12	53.02	6
2332	10.1	53.12	53.02	6.03
2334	10.1	53.12	53.02	6.03
2336	10.1	53.12	53.02	6.03
2338	10.1	53.12	53.02	6.03
2340	10	53.12	53.02	6.06
2342	10.1	53.11	53.01	5.86
2344	10	53.12	53.02	6.06
2346	10.1	53.11	53.01	5.91
2348	10.1	53.12	53.02	5.99
2350	10.1	53.26	53.16	6.45
2352	10	53.61	53.51	7.48
2354	10	53.6	53.5	7.25
2356	10.1	53.62	53.52	7.38
2358	10	53.63	53.53	7.47
2360	10	53.62	53.52	7.4
2362	10.1	53.62	53.52	7.49
2364	10.1	53.62	53.52	7.51
2366	10.1	53.63	53.53	7.61
2368	10.1	53.62	53.52	7.54
2370	10	53.62	53.52	7.41
2372	10	53.62	53.52	7.37
2374	10	53.62	53.52	7.4
2376	10.1	53.63	53.53	7.38
2378	10	53.62	53.52	7.43
2380	10	53.62	53.52	7.35
2382	10	53.62	53.52	7.35
2384	10	53.62	53.52	7.48
2386	10	53.62	53.52	7.36
2388	10	53.61	53.51	7.43
2390	10.2	53.62	53.52	7.46
2392	10.1	53.63	53.53	7.66
2394	10	53.62	53.52	7.32
2396	10	53.61	53.51	7.27
2398	10.1	53.62	53.52	7.45
2400	10.1	53.91	53.81	8.52
2402	10.1	54.11	54.01	9.15
2404	10	54.12	54.02	9.21
2406	10	54.11	54.01	8.99
2408	10	54.12	54.02	9.23
2410	10.1	54.12	54.02	9.13
2412	10.1	54.13	54.03	9.4
2414	10.1	54.13	54.03	9.28
2416	10.1	54.13	54.03	9.31
2418	10.1	54.12	54.02	9.2
2420	10.1	54.13	54.03	9.24
2422	10	54.12	54.02	9.25
2424	10	54.12	54.02	9.16
2426	10	54.12	54.02	9.08
2428	10.1	54.12	54.02	9.2
2430	10	54.12	54.02	9.19
2432	10.1	54.11	54.01	9.13
2434	10	54.13	54.03	9.43
2436	10	54.12	54.02	9.06
2438	10.1	54.12	54.02	9.2
2440	10.1	54.13	54.03	9.18
2442	10	54.12	54.02	9.09
2444	10.1	54.11	54.01	9.11
2446	10	54.13	54.03	9.22
2448	10	54.12	54.02	9.19
2450	10	54.12	54.02	9.14
2452	10	54.31	54.21	10.12
2454	10	54.6	54.5	11.2
2456	10.1	54.61	54.51	11.3
2458	10.1	54.62	54.52	11.43
2460	10.1	54.62	54.52	11.36
2462	10.1	54.62	54.52	11.34
2464	10.1	54.63	54.53	11.45
2466	10.1	54.62	54.52	11.32
2468	10.1	54.61	54.51	11.27
2470	10	54.62	54.52	11.31
2472	10.1	54.62	54.52	11.3
2474	10	54.62	54.52	11.33
2476	10.1	54.62	54.52	11.22
2478	10	54.62	54.52	11.39
2480	10.1	54.61	54.51	11.21
2482	10	54.62	54.52	11.32
2484	10	54.61	54.51	11.21
2486	10	54.62	54.52	11.41
2488	10.1	54.62	54.52	11.27
2490	10	54.63	54.53	11.36
2492	10.1	54.6	54.5	11.22
2494	10	54.63	54.53	11.55
2496	10.1	54.61	54.51	11.45
2498	10.1	54.62	54.52	11.49
2500	10	54.91	54.81	12.96
2502	10	55.1	55	13.81
2504	10	55.11	55.01	13.93
2506	10.1	55.12	55.02	13.92
2508	10.1	55.13	55.03	14
2510	10.1	55.12	55.02	13.96
2512	10.1	55.12	55.02	14.09
2514	10	55.12	55.02	14
2516	10	55.12	55.02	13.99
2518	10	55.12	55.02	13.98
2520	10	55.12	55.02	13.96
2522	10.1	55.12	55.02	13.89
2524	10.1	55.13	55.03	14.02
2526	10	55.12	55.02	14.12
2528	10.1	55.12	55.02	13.92
2530	10	55.14	55.04	14.06
2532	10.1	55.12	55.02	13.96
2534	10	55.13	55.03	14.09
2536	10	55.12	55.02	13.98
2538	10	55.13	55.03	13.87
2540	10	55.12	55.02	13.95
2542	10	55.12	55.02	13.95
2544	10	55.13	55.03	13.97
2546	10	55.12	55.02	13.99
2548	10	55.12	55.02	13.97
2550	10	55.29	55.19	15.04
2552	10	55.61	55.51	16.9
2554	10	55.61	55.51	17.13
2556	10	55.62	55.52	17.06
2558	10.1	55.62	55.52	17.06
2560	10	55.62	55.52	17.14
2562	10	55.62	55.52	17.05
2564	10	55.62	55.52	16.94
2566	10	55.62	55.52	16.93
2568	10.1	55.62	55.52	17.15
2570	10.1	55.63	55.53	17.06
2572	10.1	55.62	55.52	17.13
2574	10	55.62	55.52	16.96
2576	10.1	55.62	55.52	17.03
2578	10	55.63	55.53	17.02
2580	10	55.62	55.52	17.06
2582	10	55.62	55.52	17.03
2584	10	55.62	55.52	16.93
2586	10	55.62	55.52	16.87
2588	10.1	55.62	55.52	17.02
2590	10.1	55.62	55.52	17.03
2592	10	55.62	55.52	17.06
2594	10.1	55.62	55.52	16.85
2596	10.1	55.63	55.53	16.97
2598	10	55.62	55.52	17.18
2600	10	55.75	55.65	17.91
2602	10	56.12	56.02	20.37
2604	10.1	56.12	56.02	20.63
2606	10	56.13	56.03	20.52
2608	10	56.12	56.02	20.58
2610	10.1	56.12	56.02	20.67
2612	10.1	56.13	56.03	20.6
2614	10	56.13	56.03	20.65
2616	10	56.13	56.03	20.68
2618	10.1	56.12	56.02	20.54
2620	10	56.13	56.03	20.66
2622	10	56.12	56.02	20.7
2624	10	56.12	56.02	20.67
2626	10.1	56.12	56.02	20.71
2628	10.1	56.12	56.02	20.63
2630	10.1	56.13	56.03	20.72
2632	10	56.12	56.02	20.47
2634	10	56.13	56.03	20.52
2636	10	56.13	56.03	20.82
2638	10	56.13	56.03	20.66
2640	10	56.12	56.02	20.68
2642	10	56.13	56.03	20.58
2644	10	56.12	56.02	20.73
2646	10	56.13	56.03	20.7
2648	10	56.12	56.02	20.71
2650	10.1	56.23	56.13	21.42
2652	10.1	56.63	56.53	24.7
2654	10.1	56.63	56.53	24.8
2656	10	56.63	56.53	25.07
2658	10.1	56.63	56.53	24.73
2660	10	56.64	56.54	25.06
2662	10	56.63	56.53	24.83
2664	10.1	56.64	56.54	24.94
2666	10.1	56.64	56.54	24.96
2668	10.1	56.64	56.54	25.05
2670	10	56.63	56.53	25.09
2672	10	56.63	56.53	24.81
2674	10.1	56.63	56.53	24.98
2676	10	56.64	56.54	25.01
2678	10	56.64	56.54	25.19
2680	10	56.64	56.54	24.91
2682	10	56.64	56.54	25.18
2684	10	56.63	56.53	24.96
2686	10	56.63	56.53	24.93
2688	10.1	56.64	56.54	24.94
2690	10	56.64	56.54	24.91
2692	10	56.63	56.53	25.13
2694	10	56.63	56.53	25.02
2696	10.1	56.63	56.53	24.94
2698	10	56.64	56.54	24.86
2700	10	56.87	56.77	27.43
2702	10.1	57.12	57.02	29.83
2704	10.1	57.14	57.04	29.85
2706	10	57.14	57.04	29.74
2708	10	57.13	57.03	29.92
2710	10	57.14	57.04	29.98
2712	10	57.14	57.04	30.09
2714	10	57.14	57.04	29.86
2716	10	57.14	57.04	29.93
2718	10.1	57.14	57.04	29.89
2720	10	57.14	57.04	29.96
2722	10.1	57.14	57.04	29.83
2724	10.1	57.14	57.04	30.27
2726	10	57.14	57.04	29.91
2728	10	57.13	57.03	30.03
2730	10	57.14	57.04	29.8
2732	10.1	57.14	57.04	29.9
2734	10	57.14	57.04	29.8
2736	10	57.13	57.03	30.01
2738	10.1	57.14	57.04	29.82
2740	10	57.14	57.04	29.99
2742	10	57.13	57.03	30
2744	10	57.14	57.04	29.96
2746	10	57.14	57.04	29.84
2748	10	57.14	57.04	30.03
2750	10	57.14	57.04	29.75
2752	10	57.13	57.03	30.05
2754	10	57.64	57.54	35.77
2756	10	57.63	57.53	35.85
2758	10	57.63	57.53	35.75
2760	10	57.64	57.54	35.74
2762	10	57.64	57.54	35.33
2764	10	57.64	57.54	36.05
2766	10.1	57.64	57.54	35.71
2768	10	57.65	57.55	35.66
2770	10.1	57.63	57.53	35.66
2772	10	57.64	57.54	36.02
2774	10	57.64	57.54	35.74
2776	10.1	57.64	57.54	35.98
2778	10	57.64	57.54	35.71
2780	10.1	57.64	57.54	35.75
2782	10	57.64	57.54	35.61
2784	10.1	57.64	57.54	35.65
2786	10.1	57.64	57.54	35.93
2788	10	57.64	57.54	35.89
2790	10.1	57.64	57.54	35.76
2792	10.1	57.64	57.54	35.65
2794	10.1	57.65	57.55	35.83
2796	10.1	57.98	57.88	40.43
2798	10	58.13	58.03	42.76
2800	10	58.14	58.04	42.44
2802	10.1	58.14	58.04	42.61
2804	10.1	58.15	58.05	42.74
2806	10.1	58.14	58.04	42.53
2808	10.1	58.14	58.04	42.61
2810	10.1	58.15	58.05	42.57
2812	10.1	58.14	58.04	42.92
2814	10	58.15	58.05	42.86
2816	10.1	58.13	58.03	42.76
2818	10.1	58.15	58.05	42.78
2820	10.1	58.14	58.04	42.67
2822	10	58.15	58.05	42.54
2824	10	58.14	58.04	42.77
2826	10	58.14	58.04	42.59
2828	10	58.14	58.04	42.4
2830	10	58.14	58.04	42.78
2832	10	58.15	58.05	42.61
2834	10	58.14	58.04	42.74
2836	10	58.14	58.04	43.02
2838	10	58.14	58.04	42.79
2840	10	58.14	58.04	42.95
2842	10	58.14	58.04	42.82
2844	10	58.14	58.04	42.75
2846	10	58.14	58.04	42.71
2848	10	58.14	58.04	42.78
2850	10.1	58.14	58.04	42.27
2852	10	58.15	58.05	42.5
2854	10	58.14	58.04	42.38
2856	10	58.15	58.05	42.74
2858	10	58.36	58.26	46.15
2860	10.2	58.64	58.54	51.09
2862	10.1	58.65	58.55	51.14
2864	10.1	58.64	58.54	51.17
2866	10	58.64	58.54	51.11
2868	10	58.64	58.54	50.95
2870	10	58.64	58.54	51.26
2872	10	58.65	58.55	51.05
2874	10	58.64	58.54	50.89
2876	10	58.64	58.54	50.58
2878	10	58.65	58.55	51.18
2880	10	58.64	58.54	50.9
2882	10	58.64	58.54	51.38
2884	10.1	58.64	58.54	51
2886	10	58.65	58.55	50.72
2888	10.1	58.64	58.54	50.82
2890	10	58.65	58.55	51.43
2892	10.1	58.64	58.54	50.8
2894	10.1	58.65	58.55	50.67
2896	10	58.65	58.55	51.04
2898	10	58.64	58.54	50.73
2900	10	58.85	58.75	55.07
2902	10.1	59.13	59.03	61.22
2904	10	59.14	59.04	60.43
2906	10.1	59.13	59.03	60.89
2908	10.1	59.15	59.05	60.94
2910	10.1	59.15	59.05	61.18
2912	10.1	59.14	59.04	60.84
2914	10	59.15	59.05	61.16
2916	10.1	59.14	59.04	60.94
2918	10	59.15	59.05	61.39
2920	10	59.14	59.04	60.83
2922	10	59.15	59.05	60.8
2924	10	59.14	59.04	60.84
2926	10.1	59.14	59.04	60.96
2928	10	59.15	59.05	61.07
2930	10.1	59.14	59.04	60.78
2932	10.1	59.15	59.05	61.35
2934	10	59.15	59.05	61.23
2936	10	59.14	59.04	61.19
2938	10	59.15	59.05	61.07
2940	10	59.14	59.04	61.06
2942	10	59.15	59.05	61.29
2944	10	59.15	59.05	61.23
2946	10	59.14	59.04	61.07
2948	10	59.14	59.04	61.41
2950	10	59.15	59.05	61.05
2952	10	59.27	59.17	64.17
2954	10	59.65	59.55	72.62
2956	10.2	59.64	59.54	73.18
2958	10	59.66	59.56	73.46
2960	10.1	59.64	59.54	73.03
2962	10	59.65	59.55	73.23
2964	10.1	59.64	59.54	73.52
2966	10.1	59.66	59.56	73.85
2968	10	59.65	59.55	73.25
2970	10	59.65	59.55	73.35
2972	10.1	59.64	59.54	73.09
2974	10	59.66	59.56	73.52
2976	10	59.64	59.54	73.64
2978	10	59.65	59.55	72.67
2980	10	59.65	59.55	72.8
2982	10	59.65	59.55	72.98
2984	10	59.65	59.55	73.47
2986	10.1	59.65	59.55	73.19
2988	10	59.66	59.56	72.98
2990	10	59.65	59.55	73.62
2992	10	59.65	59.55	73.3
2994	10.1	59.65	59.55	73.24
2996	10	59.65	59.55	73.08
2998	10	59.66	59.56	72.85
3000	10	59.64	59.54	72.85
3002	10	59.65	59.55	73.34
3004	10	59.64	59.54	72.99
3006	10	59.65	59.55	73.45
3008	10	59.65	59.55	72.97
3010	10	59.65	59.55	72.87
3012	10	59.65	59.55	73.27
3014	10	59.65	59.55	73.27
3016	10	59.64	59.54	73.17
3018	10	59.65	59.55	73.11
3020	10	59.65	59.55	73.67
3022	10.1	59.64	59.54	73.68
3024	10.1	59.66	59.56	72.78
3026	10	59.65	59.55	73.17
3028	10	59.65	59.55	73.48
3030	10	59.64	59.54	73.42
3032	10	59.65	59.55	73.33
3034	10	59.65	59.55	73.01
3036	10	59.66	59.56	72.5
3038	10	59.65	59.55	73.25
3040	10	59.65	59.55	73.75
3042	9.9	59.65	59.55	73.49
3044	10	59.64	59.54	73.63
3046	10	59.66	59.56	73.47
3048	10	59.66	59.56	72.78
3050	10	59.8	59.7	77.77
3052	10	60.13	60.03	87.56
3054	10.1	60.14	60.04	87.98
3056	10.1	60.15	60.05	87.46
3058	10.1	60.16	60.06	87.88
3060	10.1	60.14	60.04	88.29
3062	10	60.15	60.05	88.25
3064	10	60.15	60.05	88.24
3066	10.1	60.15	60.05	88.21
3068	10.1	60.16	60.06	88.49
3070	10	60.15	60.05	87.88
3072	10.1	60.15	60.05	88.62
3074	10.1	60.15	60.05	88.56
3076	10	60.16	60.06	88.71
3078	10.1	60.14	60.04	88.4
3080	10	60.16	60.06	87.84
3082	10	60.15	60.05	87.94
3084	10	60.15	60.05	87.65
3086	10	60.15	60.05	88.53
3088	10.1	60.15	60.05	87.92
3090	10	60.15	60.05	88.09
3092	10	60.15	60.05	87.95
3094	10	60.15	60.05	88.14
3096	10.1	60.15	60.05	88.2
3098	10	60.16	60.06	87.55
3100	10.1	60.15	60.05	87.94
