Tiempo (s)	Temperatura (°C)	Voltaje HV (V) Sin correccion	Voltaje HV (V)	Corriente (nA)								
650	15.2	40.97	40.86	1.88								
652	15.3	40.97	40.86	1.9								
654	15	40.97	40.86	2.07								
656	15.2	40.95	40.84	1.73								
658	15.2	40.98	40.87	2.02								
660	15.2	40.97	40.86	1.92								
662	15.1	40.97	40.86	1.95								
664	15.1	40.97	40.86	1.87								
666	15.1	40.97	40.86	1.88								
668	15.1	40.97	40.86	1.86								
670	15.1	40.97	40.86	1.96								
672	15.1	40.97	40.86	1.94								
674	15.1	40.97	40.86	1.89								
676	15.1	40.97	40.86	1.87								
678	15.1	40.97	40.86	1.87								
680	15.1	40.97	40.86	1.91								
682	15.1	40.97	40.86	1.9								
684	15.1	40.97	40.86	1.89								
686	15.1	40.97	40.86	1.81								 
688	15.1	40.97	40.86	1.91								
690	15.2	40.97	40.86	1.84								
692	15.1	40.98	40.87	2.07								
694	15.1	40.97	40.86	1.87								
696	15.2	40.96	40.85	1.8								
698	15.1	40.98	40.87	2.06								
700	15.1	40.96	40.85	1.79								
702	15.1	41	40.89	1.87								
704	15.1	40.94	40.83	1.84								
706	15.1	40.96	40.85	1.82								
708	15.1	40.97	40.86	1.92								
710	15.3	40.97	40.86	1.84								
712	15.1	40.98	40.87	2.04								
714	15.1	40.96	40.85	1.79								
716	15.1	40.97	40.86	1.86								
718	15.1	40.97	40.86	1.86								
720	15.1	40.97	40.86	1.87								
722	15.1	40.96	40.85	1.8								
724	15.1	40.97	40.86	1.92								
726	15.1	40.97	40.86	1.81								
728	15.1	40.97	40.86	1.9								
730	15.1	40.97	40.86	1.86								
732	15.1	40.97	40.86	1.91								
734	15.2	40.97	40.86	1.84								
736	15.1	40.97	40.86	1.96								
738	15.1	40.97	40.86	1.88								
740	15.1	40.97	40.86	1.82								
742	15.1	40.97	40.86	1.83								
744	15	40.97	40.86	1.9								
746	15	40.96	40.85	1.78								
748	15	40.97	40.86	1.8								
750	15	40.99	40.88	1.8								
752	15	41.01	40.9	1.81								
754	15.1	40.99	40.88	1.84								
756	15	41	40.89	1.91								
758	15	41	40.89	1.82								
760	15	41	40.89	1.83								
762	15.1	41.01	40.9	1.84								
764	15.2	41	40.89	1.91								
766	15	41.01	40.9	1.99								
768	15.1	41	40.89	1.75								
770	15	41.01	40.9	2.06								
772	15.1	41	40.89	1.73								
774	15.1	41.01	40.9	1.99								
776	15.1	41.01	40.9	1.91								
778	15.1	41	40.89	1.9								
780	15	41	40.89	1.86								
782	15.1	41.01	40.9	1.84								
784	15.2	41.01	40.9	1.88								
786	15.1	41.01	40.9	2.02								
788	15.1	41	40.89	1.82								
790	15.3	41.01	40.9	1.87								
792	15.1	41.02	40.91	2.18								
794	15.1	41	40.89	1.76								
796	15.1	41	40.89	1.83								
798	15	41	40.89	1.88								
800	15.1	41.28	41.17	1.91								
802	15.1	41.5	41.39	1.99								
804	15	41.5	41.39	1.89								
806	15	41.51	41.4	1.81								
808	15.1	41.51	41.4	1.8								
810	15.1	41.51	41.4	1.91								
812	15	41.51	41.4	1.83								
814	15	41.5	41.39	1.76								
816	15	41.52	41.41	1.87								
818	15	41.51	41.4	1.87								
820	15	41.51	41.4	1.85								
822	15	41.51	41.4	1.83								
824	15	41.51	41.4	1.86								
826	15	41.51	41.4	1.88								
828	15.1	41.51	41.4	1.79								
830	15.2	41.51	41.4	1.82								
832	15.1	41.52	41.41	2.02								
834	15.1	41.51	41.4	1.75								
836	15.1	41.51	41.4	1.87								
838	15.1	41.51	41.4	1.85								
840	15.1	41.51	41.4	1.93								
842	15.1	41.51	41.4	1.86								
844	15	41.51	41.4	1.9								
846	15.1	41.51	41.4	1.83								
848	15.2	41.51	41.4	1.84								
850	15.1	41.68	41.57	2								
852	15.1	41.98	41.87	1.88								
854	15.1	42	41.89	1.82								
856	15.1	42.01	41.9	1.95								
858	15	42	41.89	1.84								
860	15	42	41.89	1.79								
862	15.1	42.01	41.9	1.89								
864	15	42.01	41.9	1.92								
866	15.1	42.01	41.9	1.87								
868	15.2	42.01	41.9	1.91								
870	15	42.02	41.91	2.07								
872	15.1	42.01	41.9	1.8								
874	15	42.01	41.9	1.92								
876	15.1	42.01	41.9	1.87								
878	15	42.01	41.9	1.89								
880	15	42.01	41.9	1.9								
882	15	42.01	41.9	1.88								
884	15	42.01	41.9	1.79								
886	15.1	42.01	41.9	1.91								
888	15.1	42.01	41.9	1.97								
890	15.1	42.01	41.9	1.84								
892	15.1	42.01	41.9	1.84								
894	15.1	42.02	41.91	1.92								
896	15	42.01	41.9	1.85								
898	15.1	42.01	41.9	1.88								
900	15	42.01	41.9	1.99								
902	15.1	42.48	42.37	1.79								
904	15.1	42.51	42.4	2								
906	15.1	42.51	42.4	1.89								
908	15	42.52	42.41	1.85								
910	15	42.52	42.41	1.85								
912	15.1	42.51	42.4	1.81								
914	15.1	42.52	42.41	1.92								
916	15	42.52	42.41	2.02								
918	15	42.52	42.41	1.82								
920	15	42.52	42.41	1.92								
922	15	42.52	42.41	1.91								
924	15	42.52	42.41	1.93								
926	15	42.51	42.4	1.87								
928	15.1	42.52	42.41	1.92								
930	15	42.52	42.41	1.92								
932	15	42.52	42.41	1.89								
934	15	42.52	42.41	1.91								
936	15	42.52	42.41	1.91								
938	15.1	42.52	42.41	1.86								
940	15	42.52	42.41	1.96								
942	15	42.52	42.41	1.85								
944	15	42.52	42.41	1.85								
946	15	42.52	42.41	1.88								
948	15.1	42.52	42.41	1.89								
950	15.1	42.52	42.41	1.92								
952	15	42.52	42.41	1.94								
954	15	42.6	42.49	1.86								
956	15	43.03	42.92	1.9								
958	15.2	43	42.89	1.89								
960	15	43.02	42.91	2.14								
962	15	43	42.89	1.8								
964	15	43.01	42.9	1.82								
966	15.1	43.02	42.91	1.98								
968	15.1	43.02	42.91	1.92								
970	15	43.02	42.91	1.95								
972	15	43.01	42.9	1.83								
974	15.2	43.02	42.91	1.93								
976	15	43.03	42.92	2.14								
978	15	43.01	42.9	1.8								
980	15	43.01	42.9	1.89								
982	14.9	43.01	42.9	1.96								
984	15	43.01	42.9	1.79								
986	15	43.02	42.91	1.97								
988	15	43.01	42.9	1.9								
990	15	43.01	42.9	1.88								
992	15	43.02	42.91	1.87								
994	14.9	43.01	42.9	1.84								
996	15.1	43.01	42.9	1.79								
998	15	43.02	42.91	1.98								
1000	15	43.01	42.9	1.8								
1002	15.1	43.25	43.14	1.85								
1004	15	43.51	43.4	1.99								
1006	15.1	43.51	43.4	1.88								
1008	15	43.52	43.41	1.94								
1010	15	43.52	43.41	1.88								
1012	15.1	43.52	43.41	1.91								
1014	15	43.53	43.42	1.95								
1016	15	43.53	43.42	1.92								
1018	15.1	43.53	43.42	1.97								
1020	15	43.53	43.42	1.97								
1022	15	43.52	43.41	1.98								
1024	15.1	43.52	43.41	1.9								
1026	15.1	43.53	43.42	2.18								
1028	15.1	43.52	43.41	1.94								
1030	15	43.53	43.42	1.99								
1032	15.1	43.52	43.41	1.95								
1034	15	43.53	43.42	2.02								
1036	15	43.52	43.41	1.95								
1038	15.1	43.52	43.41	2.02								
1040	15	43.53	43.42	2.03								
1042	15	43.52	43.41	1.93								
1044	15	43.53	43.42	1.96								
1046	15	43.52	43.41	1.93								
1048	15	43.52	43.41	1.94								
1050	15	43.53	43.42	1.99								
1052	15	43.52	43.41	1.94								
1054	15	43.99	43.88	2.04								
1056	15.1	44.02	43.91	2.05								
1058	15	44.02	43.91	2.04								
1060	15	44.02	43.91	1.97								
1062	15	44.02	43.91	2								
1064	15.2	44.02	43.91	1.96								
1066	15.1	44.04	43.93	2.18								
1068	15	44.02	43.91	1.86								
1070	15	44.02	43.91	1.9								
1072	15	44.02	43.91	1.93								
1074	15.1	44.02	43.91	2								
1076	15	44.02	43.91	1.97								
1078	15	44.02	43.91	1.9								
1080	15	44.02	43.91	1.99								
1082	15	44.02	43.91	1.95								
1084	15.1	44.02	43.91	1.9								
1086	15	44.03	43.92	2.09								
1088	15	44.02	43.91	1.87								
1090	15	44.02	43.91	1.88								
1092	15	44.02	43.91	1.94								
1094	15.1	44.02	43.91	1.95								
1096	15	44.03	43.92	2.03								
1098	15	44.03	43.92	1.94								
1100	15	44.55	44.44	1.94								
1102	15	44.53	44.42	1.98								
1104	15	44.53	44.42	1.91								
1106	15	44.53	44.42	1.97								
1108	15	44.53	44.42	2.01								
1110	14.9	44.53	44.42	1.91								
1112	15	44.53	44.42	1.89								
1114	14.9	44.54	44.43	2.09								
1116	15	44.53	44.42	1.9								
1118	15	44.54	44.43	2.02								
1120	15	44.54	44.43	2								
1122	15	44.54	44.43	2								
1124	15.1	44.54	44.43	2								
1126	15	44.53	44.42	2.05								
1128	15.1	44.53	44.42	1.85								
1130	15.1	44.54	44.43	2.12								
1132	15	44.54	44.43	1.91								
1134	15.1	44.53	44.42	1.92								
1136	15.2	44.54	44.43	1.97								
1138	14.9	44.54	44.43	2.14								
1140	15.1	44.52	44.41	1.78								
1142	15.1	44.55	44.44	2.16								
1144	15.1	44.54	44.43	1.93								
1146	15.1	44.54	44.43	1.93								
1148	15	44.53	44.42	1.99								
1150	15	44.53	44.42	1.89								
1152	15	45.01	44.9	2.05								
1154	15	45.03	44.92	1.96								
1156	15	45.04	44.93	1.98								
1158	15	45.04	44.93	1.99								
1160	15	45.04	44.93	1.99								
1162	15	45.04	44.93	2								
1164	15	45.04	44.93	1.99								
1166	15	45.04	44.93	1.98								
1168	15	45.04	44.93	2								
1170	15.1	45.04	44.93	1.97								
1172	15	45.04	44.93	2.01								
1174	15.1	45.04	44.93	1.96								
1176	15	45.05	44.94	2.13								
1178	14.9	45.04	44.93	1.95								
1180	15	45.03	44.92	1.86								
1182	15.1	45.04	44.93	1.99								
1184	15.1	45.05	44.94	2.15								
1186	15	45.04	44.93	1.97								
1188	15.1	45.04	44.93	1.91								
1190	15	45.04	44.93	2.04								
1192	14.9	45.04	44.93	1.92								
1194	15	45.03	44.92	1.85								
1196	15	45.04	44.93	1.99								
1198	15	45.04	44.93	1.99								
1200	15	45.25	45.14	1.97								
1202	15	45.52	45.41	1.92								
1204	15	45.54	45.43	1.98								
1206	15	45.54	45.43	1.95								
1208	15	45.54	45.43	1.93								
1210	15	45.54	45.43	2.04								
1212	15	45.55	45.44	2.04								
1214	15	45.54	45.43	2.04								
1216	15	45.55	45.44	2.05								
1218	15	45.55	45.44	2.05								
1220	15	45.54	45.43	2.01								
1222	15.1	45.54	45.43	2.04								
1224	15.1	45.54	45.43	2.07								
1226	15	45.55	45.44	2.13								
1228	15.1	45.54	45.43	1.98								
1230	15	45.55	45.44	2.1								
1232	15	45.54	45.43	1.98								
1234	15	45.54	45.43	2								
1236	15	45.54	45.43	2.04								
1238	15	45.54	45.43	1.99								
1240	15	45.55	45.44	2								
1242	15	45.55	45.44	1.98								
1244	15	45.54	45.43	1.97								
1246	15	45.55	45.44	1.96								
1248	15	45.54	45.43	1.93								
1250	15	45.68	45.57	1.96								
1252	15	46.04	45.93	2.01								
1254	15	46.04	45.93	1.97								
1256	15	46.04	45.93	1.97								
1258	15	46.04	45.93	1.98								
1260	15.1	46.05	45.94	2.04								
1262	15	46.05	45.94	2.04								
1264	15	46.04	45.93	2.02								
1266	15	46.04	45.93	2								
1268	15	46.05	45.94	2.02								
1270	15	46.05	45.94	2.05								
1272	15.1	46.04	45.93	2.05								
1274	15	46.05	45.94	2.16								
1276	15	46.04	45.93	2								
1278	15	46.05	45.94	2.06								
1280	15	46.05	45.94	2.02								
1282	15	46.05	45.94	2.05								
1284	15	46.05	45.94	2.02								
1286	15	46.05	45.94	2.05								
1288	15	46.05	45.94	2.07								
1290	15	46.05	45.94	2.02								
1292	15	46.05	45.94	2.07								
1294	15	46.05	45.94	2.05								
1296	15	46.05	45.94	1.98								
1298	15	46.05	45.94	2.02								
1300	15	46.18	46.07	1.99								
1302	15	46.54	46.43	1.9								
1304	15	46.54	46.43	1.97								
1306	15	46.55	46.44	2.01								
1308	15	46.55	46.44	1.99								
1310	15.1	46.56	46.45	2.04								
1312	15	46.56	46.45	2.01								
1314	15.1	46.56	46.45	1.97								
1316	15.1	46.57	46.46	2.13								
1318	15.1	46.56	46.45	2								
1320	15	46.56	46.45	1.98								
1322	15	46.55	46.44	2.04								
1324	15.1	46.56	46.45	2.04								
1326	15	46.56	46.45	2.06								
1328	15.1	46.56	46.45	1.99								
1330	15	46.56	46.45	2.09								
1332	15	46.55	46.44	1.98								
1334	15.1	46.55	46.44	1.98								
1336	15	46.56	46.45	2.09								
1338	15	46.56	46.45	2.06								
1340	15	46.56	46.45	1.99								
1342	15	46.56	46.45	2.02								
1344	15	46.56	46.45	2.01								
1346	15	46.56	46.45	1.98								
1348	15	46.56	46.45	2.03								
1350	15	46.84	46.73	2.04								
1352	15	47.04	46.93	2.02								
1354	15	47.05	46.94	2.01								
1356	15	47.05	46.94	1.98								
1358	15	47.06	46.95	2.07								
1360	15.1	47.05	46.94	1.93								
1362	15	47.06	46.95	2.08								
1364	15	47.06	46.95	2.01								
1366	15	47.06	46.95	2								
1368	15	47.06	46.95	1.95								
1370	15.1	47.06	46.95	2								
1372	15	47.06	46.95	2.03								
1374	15	47.05	46.94	1.95								
1376	15	47.06	46.95	1.98								
1378	15	47.06	46.95	2.01								
1380	15	47.05	46.94	1.91								
1382	14.9	47.05	46.94	1.94								
1384	15	47.05	46.94	1.92								
1386	15	47.06	46.95	2.06								
1388	15	47.06	46.95	1.99								
1390	15	47.06	46.95	1.96								
1392	15.1	47.06	46.95	1.98								
1394	15	47.06	46.95	2.04								
1396	15	47.06	46.95	1.95								
1398	15	47.05	46.94	1.91								
1400	15	47.22	47.11	1.98								
1402	15	47.54	47.43	1.97								
1404	15	47.55	47.44	1.98								
1406	15	47.56	47.45	1.97								
1408	15	47.56	47.45	1.92								
1410	14.9	47.56	47.45	2.04								
1412	15	47.56	47.45	1.91								
1414	15	47.56	47.45	2								
1416	15	47.56	47.45	1.99								
1418	15	47.56	47.45	1.91								
1420	15	47.56	47.45	1.99								
1422	15	47.56	47.45	1.95								
1424	15	47.56	47.45	2								
1426	15	47.56	47.45	2.01								
1428	15.1	47.56	47.45	1.91								
1430	15	47.56	47.45	2.09								
1432	15	47.55	47.44	1.88								
1434	15	47.56	47.45	2.04								
1436	15.1	47.56	47.45	1.99								
1438	15	47.56	47.45	2.06								
1440	15	47.56	47.45	1.97								
1442	15	47.56	47.45	1.99								
1444	15	47.56	47.45	2.01								
1446	15	47.56	47.45	2.04								
1448	15	47.56	47.45	2.06								
1450	15	47.82	47.71	2								
1452	15	48.04	47.93	2.06								
1454	14.9	48.05	47.94	1.98								
1456	15	48.05	47.94	1.95								
1458	15	48.06	47.95	2.11								
1460	15	48.06	47.95	2.02								
1462	15	48.06	47.95	2.06								
1464	15.1	48.06	47.95	2.02								
1466	15.1	48.07	47.96	2.15								
1468	15	48.06	47.95	2.09								
1470	15	48.06	47.95	1.96								
1472	15.1	48.06	47.95	2.01								
1474	15	48.07	47.96	2.1								
1476	15	48.06	47.95	2.01								
1478	15.1	48.06	47.95	2.09								
1480	15	48.06	47.95	2.12								
1482	15	48.06	47.95	1.98								
1484	15	48.06	47.95	2.12								
1486	15.1	48.06	47.95	2.03								
1488	15	48.07	47.96	2.16								
1490	15	48.06	47.95	2.05								
1492	15	48.06	47.95	2.09								
1494	15	48.06	47.95	2.06								
1496	15	48.06	47.95	2.07								
1498	15	48.05	47.94	1.94								
1500	15	48.08	47.97	2.08								
1502	15	48.56	48.45	2.12								
1504	15	48.55	48.44	2.11								
1506	14.9	48.55	48.44	2.09								
1508	15	48.54	48.43	1.98								
1510	15.1	48.55	48.44	2.09								
1512	15	48.56	48.45	2.18								
1514	15.1	48.56	48.45	2.09								
1516	15.1	48.56	48.45	2.1								
1518	15	48.56	48.45	2.07								
1520	15	48.55	48.44	2.06								
1522	15	48.55	48.44	2.06								
1524	15	48.56	48.45	2.11								
1526	15	48.55	48.44	2.08								
1528	15	48.55	48.44	2.04								
1530	15	48.55	48.44	2.02								
1532	15	48.56	48.45	2.08								
1534	15	48.56	48.45	2.04								
1536	15	48.56	48.45	2.07								
1538	15	48.55	48.44	2.03								
1540	15	48.56	48.45	2.08								
1542	15.1	48.56	48.45	2.04								
1544	15	48.56	48.45	2.16								
1546	15	48.55	48.44	2.03								
1548	15	48.56	48.45	2.03								
1550	15	48.64	48.53	2.05								
1552	15	49.07	48.96	2.11								
1554	15	49.05	48.94	2.08								
1556	15	49.06	48.95	2.08								
1558	15	49.06	48.95	2.06								
1560	15	49.06	48.95	2.06								
1562	15	49.06	48.95	2.09								
1564	15	49.06	48.95	2.03								
1566	15	49.06	48.95	2.07								
1568	15	49.06	48.95	2.08								
1570	15	49.06	48.95	2.03								
1572	15	49.06	48.95	2.03								
1574	15	49.06	48.95	2.07								
1576	15	49.06	48.95	1.98								
1578	15	49.06	48.95	2.05								
1580	15	49.06	48.95	2.04								
1582	15	49.06	48.95	2.06								
1584	15	49.06	48.95	2.01								
1586	15	49.07	48.96	2.07								
1588	15	49.07	48.96	2.1								
1590	15	49.06	48.95	2.05								
1592	15.1	49.06	48.95	1.98								
1594	15	49.07	48.96	2.12								
1596	15	49.07	48.96	2.1								
1598	15	49.06	48.95	2.05								
1600	15	49.29	49.18	2.15								
1602	15	49.55	49.44	2.01								
1604	15	49.56	49.45	2.17								
1606	15	49.56	49.45	2.15								
1608	15	49.57	49.46	2.05								
1610	15.1	49.57	49.46	2.08								
1612	15	49.57	49.46	2.15								
1614	15	49.57	49.46	2.13								
1616	15	49.56	49.45	2.03								
1618	15	49.57	49.46	2.13								
1620	15	49.57	49.46	2.11								
1622	15	49.56	49.45	2								
1624	15	49.57	49.46	2.11								
1626	15	49.57	49.46	2.1								
1628	15	49.57	49.46	2.09								
1630	15	49.57	49.46	2.03								
1632	15	49.57	49.46	2.11								
1634	15	49.57	49.46	2.12								
1636	15	49.57	49.46	2.09								
1638	15	49.57	49.46	2.13								
1640	15	49.57	49.46	2.1								
1642	15.1	49.57	49.46	2.11								
1644	15	49.57	49.46	2.16								
1646	15	49.56	49.45	2.03								
1648	15	49.57	49.46	2.11								
1650	15	49.67	49.56	2.16								
1652	15	50.05	49.94	2.16								
1654	15.1	50.06	49.95	2.04								
1656	15	50.07	49.96	2.22								
1658	15	50.06	49.95	2.1								
1660	15	50.07	49.96	2.19								
1662	15	50.07	49.96	2.13								
1664	15	50.07	49.96	2.08								
1666	15.1	50.07	49.96	2.14								
1668	15	50.07	49.96	2.17								
1670	15	50.06	49.95	2.07								
1672	15	50.07	49.96	2.17								
1674	15	50.07	49.96	2.09								
1676	15.1	50.07	49.96	2.16								
1678	15	50.07	49.96	2.2								
1680	15	50.07	49.96	2.13								
1682	15.1	50.07	49.96	2.17								
1684	15	50.07	49.96	2.18								
1686	15	50.07	49.96	2.08								
1688	15	50.07	49.96	2.16								
1690	15	50.06	49.95	2.05								
1692	15	50.08	49.97	2.21								
1694	15	50.07	49.96	2.14								
1696	15	50.07	49.96	2.14								
1698	15	50.07	49.96	2.14								
1700	15	50.07	49.96	2.17								
1702	15	50.52	50.41	2.2								
1704	15	50.55	50.44	2.12								
1706	15	50.57	50.46	2.16								
1708	15	50.57	50.46	2.09								
1710	15	50.57	50.46	2.16								
1712	15	50.57	50.46	2.16								
1714	15	50.58	50.47	2.16								
1716	15	50.58	50.47	2.17								
1718	15	50.57	50.46	2.15								
1720	15	50.57	50.46	2.1								
1722	15	50.58	50.47	2.19								
1724	15	50.57	50.46	2.17								
1726	15	50.57	50.46	2.2								
1728	15	50.57	50.46	2.16								
1730	15	50.57	50.46	2.15								
1732	15	50.57	50.46	2.12								
1734	15	50.57	50.46	2.13								
1736	15	50.57	50.46	2.14								
1738	15	50.57	50.46	2.14								
1740	15	50.57	50.46	2.12								
1742	15.1	50.57	50.46	2.12								
1744	15	50.57	50.46	2.15								
1746	15	50.57	50.46	2.15								
1748	15	50.57	50.46	2.11								
1750	15	50.57	50.46	2.14								
1752	15	50.57	50.46	2.12								
1754	15	50.57	50.46	2.09								
1756	15	50.58	50.47	2.13								
1758	15	50.83	50.72	2.14								
1760	15	51.06	50.95	2.11								
1762	15	51.08	50.97	2.14								
1764	15	51.08	50.97	2.12								
1766	15	51.08	50.97	2.15								
1768	15	51.08	50.97	2.08								
1770	15	51.07	50.96	2.1								
1772	15	51.08	50.97	2.1								
1774	15	51.08	50.97	2.17								
1776	15	51.08	50.97	2.1								
1778	15	51.08	50.97	2.12								
1780	15	51.08	50.97	2.08								
1782	15	51.08	50.97	2.09								
1784	14.9	51.08	50.97	2.12								
1786	15	51.07	50.96	1.97								
1788	15	51.08	50.97	2.19								
1790	15	51.08	50.97	2.1								
1792	15	51.08	50.97	2.12								
1794	15	51.08	50.97	2.13								
1796	15	51.08	50.97	2.11								
1798	15	51.08	50.97	2.12								
1800	15	51.48	51.37	2.16								
1802	14.9	51.57	51.46	2.12								
1804	15	51.56	51.45	1.98								
1806	15	51.58	51.47	2.16								
1808	15	51.57	51.46	2.14								
1810	15	51.57	51.46	2.05								
1812	15	51.57	51.46	2.09								
1814	15	51.57	51.46	2.06								
1816	15	51.58	51.47	2.11								
1818	15	51.57	51.46	2.06								
1820	15	51.58	51.47	2.1								
1822	14.9	51.57	51.46	2.07								
1824	15	51.57	51.46	2.07								
1826	15	51.58	51.47	2.12								
1828	15	51.57	51.46	2.08								
1830	15	51.58	51.47	2.13								
1832	15	51.58	51.47	2.12								
1834	15	51.57	51.46	2.01								
1836	15	51.57	51.46	2.13								
1838	14.9	51.58	51.47	2.11								
1840	15	51.57	51.46	1.98								
1842	15	51.58	51.47	2.17								
1844	15	51.58	51.47	2.13								
1846	15	51.58	51.47	2.09								
1848	14.9	51.58	51.47	2.14								
1850	15	51.57	51.46	2.02								
1852	15	51.58	51.47	2.17								
1854	15	51.58	51.47	2.11								
1856	15	51.58	51.47	2.09								
1858	15	51.58	51.47	2.12								
1860	15	51.63	51.52	2.19								
1862	15	52.07	51.96	2.39								
1864	15	52.08	51.97	2.47								
1866	15	52.08	51.97	2.46								
1868	15	52.08	51.97	2.5								
1870	15	52.09	51.98	2.45								
1872	15	52.09	51.98	2.49								
1874	15	52.09	51.98	2.48								
1876	15	52.08	51.97	2.49								
1878	15	52.09	51.98	2.52								
1880	15	52.09	51.98	2.49								
1882	15	52.09	51.98	2.51								
1884	15	52.09	51.98	2.51								
1886	15	52.09	51.98	2.51								
1888	15	52.09	51.98	2.51								
1890	15	52.09	51.98	2.46								
1892	14.9	52.09	51.98	2.54								
1894	15	52.08	51.97	2.41								
1896	15	52.09	51.98	2.59								
1898	15	52.09	51.98	2.54								
1900	15	52.59	52.48	3.47								
1902	15	52.57	52.46	3.41								
1904	15	52.59	52.48	3.45								
1906	15	52.57	52.46	3.4								
1908	15.1	52.59	52.48	3.43								
1910	15.1	52.6	52.49	3.51								
1912	15.1	52.59	52.48	3.52								
1914	15	52.59	52.48	3.35								
1916	15	52.58	52.47	3.39								
1918	15.2	52.59	52.48	3.31								
1920	15	52.61	52.5	3.56								
1922	15.2	52.58	52.47	3.42								
1924	15	52.6	52.49	3.52								
1926	15.1	52.58	52.47	3.4								
1928	15	52.61	52.5	3.48								
1930	15	52.58	52.47	3.38								
1932	15.1	52.59	52.48	3.35								
1934	15.1	52.6	52.49	3.46								
1936	15	52.6	52.49	3.51								
1938	15	52.58	52.47	3.43								
1940	15.2	52.58	52.47	3.34								
1942	15	52.61	52.5	3.63								
1944	15	52.58	52.47	3.35								
1946	15	52.59	52.48	3.4								
1948	15	52.59	52.48	3.44								
1950	15	52.82	52.71	4.16								
1952	15	53.08	52.97	4.94								
1954	14.9	53.08	52.97	5.02								
1956	15	53.08	52.97	4.88								
1958	15	53.09	52.98	5.03								
1960	15	53.09	52.98	4.95								
1962	15	53.09	52.98	4.96								
1964	15	53.09	52.98	4.97								
1966	15	53.09	52.98	4.95								
1968	15	53.09	52.98	4.97								
1970	15	53.09	52.98	4.98								
1972	15	53.09	52.98	5.04								
1974	15.1	53.1	52.99	5.02								
1976	15	53.1	52.99	5.11								
1978	15.1	53.08	52.97	5.01								
1980	15	53.1	52.99	5.09								
1982	15	53.08	52.97	4.98								
1984	15	53.09	52.98	4.96								
1986	15	53.09	52.98	4.98								
1988	15	53.09	52.98	5.05								
1990	15.1	53.09	52.98	5.04								
1992	15	53.09	52.98	5.2								
1994	15	53.08	52.97	4.91								
1996	15	53.09	52.98	4.96								
1998	15	53.09	52.98	5.04								
2000	15.1	53.39	53.28	6.36								
2002	15	53.58	53.47	7.14								
2004	15	53.58	53.47	7.22								
2006	15	53.59	53.48	7.22								
2008	15	53.59	53.48	7.28								
2010	15	53.59	53.48	7.37								
2012	15	53.59	53.48	7.31								
2014	15	53.59	53.48	7.28								
2016	15	53.59	53.48	7.23								
2018	15	53.59	53.48	7.22								
2020	15	53.59	53.48	7.32								
2022	15.1	53.59	53.48	7.4								
2024	15	53.6	53.49	7.41								
2026	15.1	53.59	53.48	7.42								
2028	15	53.6	53.49	7.36								
2030	15	53.59	53.48	7.31								
2032	15	53.59	53.48	7.34								
2034	15	53.59	53.48	7.44								
2036	15.1	53.59	53.48	7.34								
2038	15.1	53.6	53.49	7.41								
2040	15.2	53.59	53.48	7.32								
2042	15.1	53.61	53.5	7.54								
2044	15	53.59	53.48	7.35								
2046	15	53.59	53.48	7.28								
2048	15.1	53.59	53.48	7.26								
2050	15	53.6	53.49	7.36								
2052	15	53.74	53.63	8.07								
2054	15	54.08	53.97	10.04								
2056	15	54.09	53.98	10.05								
2058	15	54.09	53.98	10.05								
2060	15	54.1	53.99	10.02								
2062	15	54.09	53.98	10.04								
2064	15.1	54.09	53.98	10.15								
2066	15	54.1	53.99	10.06								
2068	15	54.09	53.98	10.04								
2070	15	54.09	53.98	10.1								
2072	15	54.09	53.98	10.13								
2074	15	54.1	53.99	10.12								
2076	15	54.09	53.98	10.12								
2078	15	54.09	53.98	10.11								
2080	15	54.09	53.98	10.16								
2082	15	54.09	53.98	10.14								
2084	15	54.1	53.99	10.15								
2086	15.1	54.09	53.98	10.2								
2088	15	54.1	53.99	10.09								
2090	15	54.09	53.98	10.12								
2092	15	54.09	53.98	10.13								
2094	15	54.1	53.99	10.18								
2096	15.1	54.1	53.99	10.13								
2098	15	54.1	53.99	10.2								
2100	15.1	54.38	54.27	12.03								
2102	15	54.58	54.47	13.3								
2104	15	54.58	54.47	13.29								
2106	15.1	54.59	54.48	13.36								
2108	15.1	54.6	54.49	13.47								
2110	15	54.59	54.48	13.4								
2112	15.1	54.59	54.48	13.28								
2114	15.1	54.6	54.49	13.45								
2116	15.1	54.59	54.48	13.56								
2118	15	54.58	54.47	13.34								
2120	15	54.59	54.48	13.43								
2122	15	54.59	54.48	13.36								
2124	15.1	54.59	54.48	13.32								
2126	15	54.6	54.49	13.3								
2128	15	54.58	54.47	13.1								
2130	15	54.59	54.48	13.23								
2132	15.1	54.6	54.49	13.24								
2134	15.1	54.6	54.49	13.26								
2136	15	54.59	54.48	13.19								
2138	15	54.58	54.47	13.35								
2140	15.1	54.59	54.48	13.23								
2142	15	54.59	54.48	13.22								
2144	14.9	54.59	54.48	13.24								
2146	15	54.59	54.48	13.24								
2148	15	54.59	54.48	13.1								
2150	15.1	54.62	54.51	13.37								
2152	15	55.1	54.99	17.29								
2154	15	55.08	54.97	17.01								
2156	15	55.08	54.97	16.87								
2158	15	55.1	54.99	16.97								
2160	15	55.1	54.99	17.03								
2162	15	55.09	54.98	16.9								
2164	15	55.09	54.98	17.17								
2166	15	55.09	54.98	17.06								
2168	15	55.09	54.98	16.92								
2170	15	55.09	54.98	16.86								
2172	15	55.1	54.99	17								
2174	14.9	55.08	54.97	16.96								
2176	15	55.09	54.98	16.87								
2178	15.1	55.09	54.98	16.93								
2180	14.9	55.1	54.99	17.14								
2182	15	55.08	54.97	16.96								
2184	15	55.1	54.99	17.16								
2186	15	55.1	54.99	17.11								
2188	15	55.09	54.98	17.01								
2190	15	55.1	54.99	17.09								
2192	15.2	55.1	54.99	17.16								
2194	15.1	55.11	55	17.11								
2196	15	55.09	54.98	17.09								
2198	15	55.09	54.98	17.13								
2200	15	55.12	55.01	17.26								
2202	14.9	55.59	55.48	21.51								
2204	14.9	55.58	55.47	21.45								
2206	15	55.59	55.48	21.42								
2208	15.2	55.59	55.48	21.39								
2210	15	55.61	55.5	21.67								
2212	15	55.58	55.47	21.26								
2214	15	55.59	55.48	21.47								
2216	14.9	55.59	55.48	21.56								
2218	15	55.59	55.48	21.42								
2220	14.9	55.59	55.48	21.77								
2222	15	55.59	55.48	21.54								
2224	15	55.59	55.48	21.47								
2226	15	55.59	55.48	21.66								
2228	15	55.6	55.49	21.47								
2230	15	55.59	55.48	21.57								
2232	15	55.59	55.48	21.56								
2234	15	55.59	55.48	21.51								
2236	15	55.6	55.49	21.53								
2238	15	55.59	55.48	21.51								
2240	15	55.59	55.48	21.49								
2242	15.1	55.59	55.48	21.32								
2244	15	55.6	55.49	21.49								
2246	15	55.59	55.48	21.22								
2248	15	55.59	55.48	21.38								
2250	15	55.59	55.48	21.47								
2252	15.1	56.04	55.93	26.04								
2254	15	56.09	55.98	26.57								
2256	15	56.09	55.98	26.65								
2258	15	56.09	55.98	26.8								
2260	15	56.09	55.98	26.58								
2262	15	56.09	55.98	26.74								
2264	15	56.1	55.99	26.46								
2266	15.1	56.09	55.98	26.52								
2268	15	56.1	55.99	26.55								
2270	15	56.1	55.99	26.63								
2272	15	56.09	55.98	26.42								
2274	15.2	56.1	55.99	26.58								
2276	15	56.11	56	26.55								
2278	15.1	56.09	55.98	26.48								
2280	15	56.11	56	26.47								
2282	15.1	56.09	55.98	26.41								
2284	15.2	56.09	55.98	26.52								
2286	15	56.11	56	26.81								
2288	15	56.08	55.97	26.67								
2290	15	56.09	55.98	26.34								
2292	15	56.09	55.98	26.47								
2294	15	56.1	55.99	26.67								
2296	15	56.1	55.99	26.52								
2298	15	56.09	55.98	26.52								
2300	15	56.22	56.11	27.94								
2302	15	56.58	56.47	32.54								
2304	15	56.59	56.48	32.38								
2306	15	56.6	56.49	32.45								
2308	15	56.6	56.49	32.5								
2310	15	56.6	56.49	32.76								
2312	15	56.6	56.49	32.34								
2314	14.9	56.6	56.49	32.57								
2316	15.1	56.59	56.48	32.7								
2318	15	56.62	56.51	32.63								
2320	15	56.59	56.48	32.4								
2322	15	56.6	56.49	32.59								
2324	15	56.61	56.5	32.58								
2326	15	56.6	56.49	32.32								
2328	15	56.6	56.49	32.66								
2330	15	56.6	56.49	32.56								
2332	15	56.6	56.49	32.45								
2334	15	56.6	56.49	32.43								
2336	15	56.6	56.49	32.28								
2338	14.9	56.61	56.5	32.58								
2340	15	56.59	56.48	32.52								
2342	15	56.61	56.5	32.61								
2344	15	56.61	56.5	32.5								
2346	15.1	56.6	56.49	32.69								
2348	15	56.61	56.5	32.57								
2350	15	56.81	56.7	35.42								
2352	15	57.1	56.99	39.35								
2354	15	57.1	56.99	39.35								
2356	15	57.11	57	39.2								
2358	15	57.11	57	39.39								
2360	15	57.1	56.99	39.59								
2362	15	57.11	57	39.49								
2364	15	57.11	57	39.52								
2366	15	57.11	57	39.4								
2368	15	57.11	57	39.63								
2370	15	57.11	57	39.26								
2372	15.1	57.11	57	39.53								
2374	15	57.12	57.01	39.43								
2376	15.1	57.1	56.99	39.36								
2378	15	57.11	57	39.53								
2380	15	57.1	56.99	39.47								
2382	15.1	57.1	56.99	39.55								
2384	15.1	57.11	57	39.65								
2386	15	57.11	57	39.45								
2388	15	57.1	56.99	39.59								
2390	15	57.11	57	39.64								
2392	15	57.11	57	39.39								
2394	15	57.11	57	39.61								
2396	15.1	57.11	57	39.34								
2398	15	57.12	57.01	39.68								
2400	15	57.16	57.05	40.37								
2402	15	57.61	57.5	47.82								
2404	15	57.6	57.49	47.32								
2406	15	57.6	57.49	47.69								
2408	15	57.6	57.49	47.57								
2410	15	57.61	57.5	47.78								
2412	15	57.61	57.5	47.4								
2414	15	57.61	57.5	47.78								
2416	15.1	57.61	57.5	47.72								
2418	15	57.62	57.51	47.79								
2420	15	57.59	57.48	47.88								
2422	15.2	57.61	57.5	47.81								
2424	15.1	57.63	57.52	47.58								
2426	15	57.6	57.49	47.41								
2428	15	57.61	57.5	47.5								
2430	15	57.61	57.5	47.6								
2432	15	57.61	57.5	47.79								
2434	15	57.6	57.49	47.63								
2436	15	57.61	57.5	47.86								
2438	15	57.61	57.5	47.93								
2440	15	57.61	57.5	47.75								
2442	15	57.61	57.5	47.94								
2444	15	57.61	57.5	47.48								
2446	15	57.61	57.5	47.66								
2448	15	57.61	57.5	47.5								
2450	15	57.61	57.5	47.42								
2452	15	57.67	57.56	48.9								
2454	15	58.1	57.99	57.1								
2456	15	58.11	58	56.96								
2458	15	58.11	58	56.86								
2460	15.1	58.11	58	57.5								
2462	15	58.12	58.01	57.13								
2464	15.1	58.1	57.99	57.32								
2466	15	58.12	58.01	57.41								
2468	15.1	58.11	58	57.01								
2470	15	58.12	58.01	57.01								
2472	15	58.11	58	57.24								
2474	15	58.11	58	57.12								
2476	15.1	58.11	58	57.06								
2478	15.1	58.12	58.01	57.3								
2480	15	58.12	58.01	57.22								
2482	15	58.11	58	57.25								
2484	15.1	58.11	58	57.41								
2486	15	58.12	58.01	57.1								
2488	15	58.11	58	56.97								
2490	15	58.11	58	57.04								
2492	15.1	58.11	58	56.98								
2494	15	58.12	58.01	57.27								
2496	15	58.11	58	57.46								
2498	15	58.12	58.01	57.07								
2500	15	58.33	58.22	62.19								
2502	15	58.6	58.49	67.88								
2504	15	58.61	58.5	68.17								
2506	15	58.61	58.5	68.22								
2508	15	58.6	58.49	68.68								
2510	15	58.61	58.5	68.69								
2512	15	58.61	58.5	69.03								
2514	15	58.61	58.5	68.16								
2516	15	58.61	58.5	68.16								
2518	15	58.61	58.5	68.27								
2520	15	58.61	58.5	68.63								
2522	15	58.61	58.5	68.14								
2524	15	58.61	58.5	68.01								
2526	15	58.61	58.5	68.38								
2528	14.9	58.61	58.5	68.46								
2530	15	58.6	58.49	68.08								
2532	15	58.61	58.5	68.45								
2534	15	58.61	58.5	68.34								
2536	15	58.61	58.5	68.76								
2538	15	58.61	58.5	68.2								
2540	15	58.61	58.5	68.58								
2542	15	58.61	58.5	68.18								
2544	15	58.61	58.5	68.45								
2546	15	58.61	58.5	68.11								
2548	15	58.61	58.5	68								
2550	15	58.62	58.51	68.56								
2552	15	59.12	59.01	81.8								
2554	15	59.11	59	81.79								
2556	15	59.11	59	81.31								
2558	15	59.11	59	81.42								
2560	15.1	59.11	59	82.05								
2562	15	59.12	59.01	81.33								
2564	15	59.11	59	81.39								
2566	15.1	59.11	59	81.7								
2568	15	59.12	59.01	81.76								
2570	15	59.11	59	81.89								
2572	15	59.12	59.01	81.53								
2574	15	59.11	59	82.03								
2576	15.1	59.11	59	81.74								
2578	15	59.12	59.01	81.22								
2580	15.1	59.1	58.99	81.8								
2582	15	59.12	59.01	81.96								
2584	15	59.1	58.99	81.67								
2586	15	59.11	59	81.36								
2588	15	59.11	59	81.8								
2590	14.9	59.11	59	81.79								
2592	15	59.11	59	81.77								
2594	15	59.11	59	81.46								
2596	15	59.12	59.01	81.79								
2598	15.1	59.12	59.01	81.18								
2600	15	59.28	59.17	86.6								
2602	15.1	59.6	59.49	96.94								
2604	15.1	59.62	59.51	96.99								
2606	15.1	59.62	59.51	97.43								
2608	15.1	59.62	59.51	97.6								
2610	15.1	59.62	59.51	97.57								
2612	15	59.63	59.52	97.68								
2614	15.1	59.61	59.5	97.77								
2616	15.1	59.63	59.52	97.34								
2618	15	59.62	59.51	97.82								
2620	15	59.62	59.51	96.96								
2622	15	59.62	59.51	97.73								
2624	15.1	59.62	59.51	97.82								
2626	15	59.62	59.51	97.37								
2628	15	59.61	59.5	97.74								
2630	15	59.61	59.5	97.57								
2632	15	59.62	59.51	97.34								
2634	15	59.62	59.51	97.62								
2636	15	59.61	59.5	97.48								
2638	15	59.62	59.51	97.01								
2640	15	59.62	59.51	97.57								
2642	15	59.61	59.5	97.54								
2644	15.1	59.62	59.51	97.7								
2646	15.1	59.63	59.52	97.87								
2648	15.1	59.62	59.51	97.54								
2650	15	59.63	59.52	97.33								
2652	15	60.12	60.01	117.03								
2654	15	60.11	60	116.03								
2656	15	60.11	60	116.78								
2658	15	60.12	60.01	117.05								
2660	15.1	60.12	60.01	117.46								
2662	15	60.13	60.02	116.88								
2664	15	60.11	60	116.31								
2666	15.2	60.11	60	117.31								
2668	15	60.14	60.03	116.62								
2670	15	60.11	60	116.76								
2672	15	60.12	60.01	116.59								
2674	15	60.12	60.01	116.64								
2676	15	60.11	60	116.69								
2678	15	60.12	60.01	117								
2680	15.1	60.12	60.01	116.53								
2682	15	60.12	60.01	117.01								
2684	15	60.12	60.01	116.63								
2686	15.1	60.12	60.01	116.8								
2688	15.2	60.13	60.02	117.23								
2690	15	60.13	60.02	116.56								
2692	15	60.11	60	116.81								
2694	15	60.12	60.01	116.43								
2696	15.1	60.12	60.01	116.76								
2698	15.1	60.13	60.02	117.22								
2700	15	60.13	60.02	116.45								
