Tiempo (s)	Temperatura (°C)		Voltaje HV (V)	Corriente (nA)
602	40.1		40.92	2.5
604	40.1		40.92	2.53
606	40.1		40.92	2.52
608	40.1		40.92	2.56
610	40.1		40.92	2.51
612	40.1		40.92	2.53
614	40.1		40.92	2.55
616	40.1		40.92	2.55
618	40.1		40.92	2.57
620	40.1		40.92	2.51
622	40.1		40.92	2.56
624	40.1		40.92	2.56
626	40.1		40.92	2.51
628	40.1		40.92	2.51
630	40.1		40.92	2.51
632	40.1		40.92	2.52
634	40.1		40.92	2.53
636	40.1		40.91	2.5
638	40.1		40.92	2.52
640	40.1		40.92	2.53
642	40.1		40.92	2.53
644	40.1		40.92	2.48
646	40.1		40.91	2.52
648	40.1		40.92	2.5
650	40.1		40.95	2.53
652	40.1		40.89	2.48
654	40.1		40.91	2.54
656	40.1		40.91	2.48
658	40.1		40.91	2.51
660	40.1		40.91	2.51
662	40.1		40.92	2.5
664	40.1		40.92	2.5
666	40.1		40.92	2.5
668	40.1		40.92	2.54
670	40.1		40.92	2.5
672	40.1		40.91	2.55
674	40.1		40.92	2.51
676	40.1		40.92	2.55
678	40.1		40.92	2.48
680	40.1		40.92	2.54
682	40.1		40.92	2.51
684	40.1		40.92	2.48
686	40.1		40.92	2.49
688	40.1		40.92	2.54
690	40.1		40.92	2.47
692	40.1		40.92	2.52
694	40.1		40.92	2.48
696	40.1		40.92	2.52
698	40.1		40.91	2.5
700	40.1		40.92	2.49
702	40.1		40.96	2.55
704	40.1		40.95	2.48
706	40.1		40.96	2.51
708	40.1		40.96	2.46
710	40.1		40.96	2.5
712	40.1		40.96	2.48
714	40.1		40.97	2.51
716	40.1		40.96	2.5
718	40.1		40.96	2.47
720	40.1		40.96	2.5
722	40.1		40.97	2.47
724	40.1		40.96	2.52
726	40.1		40.96	2.52
728	40.1		40.96	2.51
730	40.1		40.96	2.49
732	40.1		40.96	2.54
734	40.1		40.97	2.48
736	40.1		40.96	2.51
738	40.1		40.97	2.47
740	40.1		40.96	2.53
742	40.1		40.96	2.49
744	40.1		40.96	2.52
746	40.1		40.97	2.46
748	40.1		40.96	2.52
750	40.1		41.34	2.52
752	40.1		41.45	2.52
754	40.1		41.45	2.5
756	40.1		41.45	2.51
758	40.1		41.45	2.48
760	40.1		41.45	2.48
762	40.1		41.46	2.53
764	40.1		41.46	2.52
766	40.1		41.46	2.47
768	40.1		41.46	2.46
770	40.1		41.46	2.5
772	40.1		41.46	2.48
774	40.1		41.46	2.51
776	40.1		41.46	2.51
778	40.1		41.46	2.51
780	40.1		41.46	2.51
782	40.1		41.46	2.51
784	40.1		41.46	2.46
786	40.1		41.46	2.49
788	40.1		41.46	2.48
790	40.1		41.46	2.48
792	40.1		41.46	2.47
794	40.1		41.46	2.49
796	40.1		41.46	2.48
798	40.1		41.46	2.5
800	40.1		41.46	2.49
802	40.1		41.46	2.49
804	40.1		41.47	2.51
806	40.1		41.97	2.53
808	40.1		41.95	2.49
810	40.1		41.95	2.47
812	40		41.96	2.48
814	40.1		41.96	2.48
816	40.1		41.96	2.5
818	40.1		41.96	2.49
820	40.1		41.96	2.48
822	40.1		41.96	2.48
824	40.1		41.97	2.43
826	40.1		41.96	2.45
828	40		41.96	2.5
830	40.1		41.96	2.49
832	40.1		41.96	2.44
834	40.1		41.96	2.49
836	40.1		41.96	2.47
838	40.1		41.96	2.44
840	40.1		41.96	2.45
842	40.1		41.96	2.44
844	40		41.96	2.43
846	40.1		41.96	2.45
848	40.1		41.96	2.42
850	40.1		41.96	2.48
852	40.1		42	2.51
854	40.1		42.48	2.49
856	40.1		42.45	2.48
858	40.1		42.46	2.49
860	40.1		42.46	2.48
862	40		42.46	2.49
864	40		42.46	2.47
866	40		42.46	2.47
868	40.1		42.46	2.44
870	40		42.46	2.47
872	40.1		42.46	2.46
874	40		42.46	2.47
876	40.1		42.46	2.43
878	40.1		42.46	2.45
880	40.1		42.46	2.43
882	40.1		42.46	2.47
884	40.1		42.46	2.42
886	40		42.46	2.44
888	40		42.46	2.4
890	40		42.46	2.43
892	40.1		42.46	2.44
894	40		42.46	2.43
896	40		42.46	2.45
898	40		42.47	2.45
900	40.1		42.68	2.51
902	40.1		42.94	2.45
904	40		42.95	2.43
906	40.1		42.96	2.46
908	40.1		42.96	2.45
910	40.1		42.96	2.51
912	40.1		42.96	2.46
914	40.1		42.96	2.49
916	40.1		42.96	2.46
918	40.1		42.96	2.47
920	40.1		42.96	2.46
922	40.1		42.96	2.47
924	40.1		42.96	2.41
926	40.1		42.96	2.45
928	40		42.96	2.42
930	40.1		42.96	2.44
932	40		42.96	2.4
934	40		42.96	2.48
936	40.1		42.97	2.43
938	40.1		42.97	2.43
940	40.1		42.97	2.46
942	40.1		42.96	2.45
944	40		42.96	2.41
946	40.1		42.97	2.45
948	40		42.97	2.44
950	40		42.96	2.41
952	40		43.01	2.45
954	40		43.49	2.41
956	40		43.46	2.42
958	40		43.46	2.41
960	40		43.47	2.41
962	40		43.47	2.39
964	40		43.47	2.44
966	40		43.47	2.37
968	40		43.47	2.41
970	40		43.47	2.4
972	40		43.47	2.42
974	40		43.47	2.4
976	40		43.47	2.38
978	40		43.47	2.38
980	40		43.47	2.39
982	40		43.47	2.38
984	40		43.47	2.4
986	40		43.47	2.41
988	40		43.47	2.38
990	40		43.47	2.39
992	40		43.47	2.43
994	40		43.47	2.42
996	40		43.47	2.37
998	40		43.47	2.43
1000	40		43.47	2.4
1002	40.1		43.77	2.46
1004	40		43.96	2.44
1006	40.1		43.96	2.44
1008	40.1		43.97	2.37
1010	40.1		43.97	2.42
1012	40.1		43.97	2.37
1014	40		43.97	2.41
1016	40.1		43.97	2.39
1018	40.1		43.97	2.41
1020	40.1		43.97	2.43
1022	40		43.97	2.45
1024	40.1		43.97	2.39
1026	40.1		43.98	2.42
1028	40		43.97	2.41
1030	40.1		43.97	2.38
1032	40		43.97	2.4
1034	40.1		43.97	2.44
1036	40.1		43.97	2.39
1038	40		43.97	2.44
1040	40.1		43.97	2.41
1042	40.1		43.97	2.41
1044	40.1		43.97	2.41
1046	40		43.97	2.41
1048	40		43.97	2.4
1050	40.1		43.97	2.39
1052	40.1		44.38	2.44
1054	40.1		44.47	2.41
1056	40.1		44.47	2.43
1058	40.1		44.47	2.41
1060	40.1		44.48	2.42
1062	40.1		44.48	2.41
1064	40		44.48	2.41
1066	40.1		44.48	2.38
1068	40.1		44.48	2.42
1070	40.1		44.48	2.35
1072	40		44.48	2.39
1074	40		44.48	2.39
1076	40		44.48	2.41
1078	40		44.48	2.39
1080	40		44.48	2.34
1082	40		44.48	2.4
1084	40		44.48	2.36
1086	40		44.48	2.36
1088	40		44.48	2.38
1090	40		44.48	2.36
1092	40		44.48	2.36
1094	40		44.48	2.4
1096	40		44.48	2.38
1098	40		44.48	2.38
1100	40		44.48	2.36
1102	40		44.48	2.4
1104	40		44.76	2.41
1106	40		44.97	2.37
1108	40		44.98	2.42
1110	40		44.98	2.36
1112	40		44.98	2.41
1114	40		44.99	2.37
1116	40		44.99	2.38
1118	40		44.99	2.39
1120	40		44.99	2.43
1122	40		44.99	2.37
1124	40		44.99	2.37
1126	40		44.99	2.38
1128	40		44.99	2.39
1130	40		44.99	2.37
1132	40		44.99	2.39
1134	40.1		44.99	2.38
1136	40.1		44.99	2.36
1138	40.1		44.99	2.4
1140	40.1		44.99	2.36
1142	40		44.99	2.36
1144	40.1		44.99	2.38
1146	40.1		44.99	2.33
1148	40.1		44.99	2.38
1150	40.1		45.19	2.38
1152	40		45.47	2.36
1154	40.1		45.48	2.35
1156	40		45.49	2.34
1158	40		45.49	2.34
1160	40.1		45.48	2.37
1162	40.1		45.49	2.35
1164	40		45.48	2.39
1166	40.1		45.49	2.35
1168	40.1		45.49	2.37
1170	40.1		45.48	2.39
1172	40.1		45.48	2.36
1174	40.1		45.49	2.36
1176	40.1		45.49	2.35
1178	40.1		45.49	2.38
1180	40.1		45.48	2.38
1182	40.1		45.49	2.43
1184	40		45.49	2.37
1186	40		45.49	2.42
1188	40		45.49	2.34
1190	40		45.49	2.41
1192	40		45.49	2.38
1194	40.1		45.49	2.41
1196	40		45.48	2.35
1198	40		45.49	2.38
1200	40		45.99	2.16
1202	40.1		45.99	2.19
1204	40		45.99	2.15
1206	40		45.99	2.16
1208	40		45.99	2.17
1210	40		45.99	2.18
1212	40		45.99	2.19
1214	40		45.99	2.16
1216	40		45.99	2.19
1218	40		45.99	2.19
1220	40		45.99	2.16
1222	40		45.99	2.19
1224	40		45.99	2.16
1226	40		45.99	2.18
1228	40		45.99	2.18
1230	40		45.99	2.16
1232	40		45.99	2.16
1234	40		45.99	2.14
1236	40		45.99	2.16
1238	40		45.99	2.15
1240	40.1		45.99	2.17
1242	40		45.99	2.18
1244	40		45.99	2.22
1246	40.1		45.99	2.17
1248	40		45.99	2.17
1250	40		46.18	2.26
1252	40		46.48	2.16
1254	40		46.49	2.15
1256	40		46.49	2.19
1258	40		46.5	2.17
1260	40.1		46.5	2.16
1262	40		46.5	2.19
1264	40		46.49	2.22
1266	40		46.5	2.14
1268	40		46.5	2.19
1270	40		46.5	2.16
1272	40		46.5	2.09
1274	40		46.5	2.15
1276	40		46.5	2.17
1278	40		46.5	2.12
1280	40		46.5	2.18
1282	40		46.49	2.16
1284	40		46.5	2.16
1286	40		46.5	2.18
1288	40		46.5	2.16
1290	40		46.5	2.18
1292	40		46.5	2.11
1294	40		46.5	2.16
1296	40		46.5	2.1
1298	40		46.5	2.21
1300	40		46.5	2.12
1302	40		46.97	2.19
1304	40		46.99	2.16
1306	40		47	2.15
1308	40.1		47	2.2
1310	40		47	2.15
1312	40		47	2.22
1314	40		47	2.13
1316	40		47	2.13
1318	40		47	2.16
1320	40		47	2.15
1322	40		47	2.19
1324	40.1		47	2.12
1326	40		47	2.21
1328	40		47	2.18
1330	40		47	2.12
1332	40		47	2.18
1334	40		47	2.16
1336	40		47	2.19
1338	40		47	2.17
1340	40		47	2.18
1342	40		47	2.21
1344	40		47	2.18
1346	40		47	2.18
1348	40		47	2.18
1350	40		47.15	2.2
1352	40		47.48	2.2
1354	40		47.49	2.23
1356	40		47.5	2.17
1358	40		47.5	2.27
1360	40		47.5	2.24
1362	40		47.5	2.23
1364	40		47.5	2.18
1366	40		47.5	2.17
1368	40.1		47.5	2.22
1370	40		47.5	2.19
1372	40		47.5	2.26
1374	40		47.5	2.17
1376	40		47.5	2.21
1378	40		47.5	2.25
1380	40		47.5	2.19
1382	40		47.5	2.2
1384	40		47.5	2.22
1386	40		47.5	2.16
1388	40		47.5	2.2
1390	40		47.5	2.2
1392	40		47.5	2.21
1394	40		47.5	2.21
1396	40		47.5	2.16
1398	40		47.5	2.2
1400	40		47.5	2.18
1402	40		47.9	2.21
1404	40		47.99	2.23
1406	40		48	2.22
1408	40		48	2.2
1410	40		48	2.21
1412	40		48	2.18
1414	40		48	2.23
1416	40		48	2.15
1418	40		48	2.19
1420	40		48	2.17
1422	40		48	2.18
1424	40		48	2.19
1426	40		48	2.2
1428	40		48	2.21
1430	40		48	2.18
1432	40		48	2.21
1434	40		48	2.17
1436	40		48	2.19
1438	40.1		48.01	2.22
1440	40		48	2.24
1442	40		48	2.2
1444	40		48.01	2.15
1446	40		48	2.2
1448	40.1		48	2.22
1450	40		48	2.2
1452	40		48.17	2.24
1454	40		48.48	2.17
1456	40		48.49	2.18
1458	40.1		48.49	2.22
1460	40		48.49	2.18
1462	40		48.49	2.23
1464	40		48.5	2.19
1466	40		48.5	2.18
1468	40.1		48.49	2.25
1470	40		48.5	2.19
1472	40		48.5	2.25
1474	40		48.5	2.18
1476	40		48.5	2.19
1478	40		48.5	2.22
1480	40		48.5	2.23
1482	40		48.5	2.23
1484	40		48.5	2.21
1486	40		48.49	2.2
1488	40		48.5	2.2
1490	40		48.5	2.17
1492	40		48.49	2.19
1494	40		48.49	2.23
1496	40		48.5	2.19
1498	40		48.49	2.22
1500	40		48.67	2.2
1502	40		48.99	2.22
1504	40		49	2.22
1506	40		49	2.21
1508	40		49	2.2
1510	40		49	2.14
1512	40		49	2.23
1514	40		49	2.22
1516	40		49	2.2
1518	40		49	2.21
1520	40		49	2.19
1522	40		49	2.23
1524	40.1		49	2.18
1526	40		49	2.2
1528	40		49	2.2
1530	40		49	2.19
1532	40		49	2.2
1534	40		49	2.25
1536	40		49	2.18
1538	40		49	2.22
1540	40		49	2.22
1542	40		49	2.17
1544	40		49	2.22
1546	40		49	2.18
1548	40		49	2.18
1550	40		49.11	2.25
1552	40.1		49.5	2.18
1554	40		49.5	2.18
1556	40		49.5	2.27
1558	40		49.51	2.22
1560	40		49.51	2.2
1562	40		49.51	2.22
1564	40		49.51	2.22
1566	40		49.51	2.2
1568	40		49.51	2.19
1570	40		49.51	2.21
1572	40		49.51	2.21
1574	40		49.51	2.19
1576	40		49.51	2.2
1578	40		49.51	2.2
1580	40		49.51	2.21
1582	40		49.51	2.2
1584	40		49.51	2.22
1586	40		49.51	2.22
1588	40		49.51	2.18
1590	40		49.51	2.23
1592	40		49.51	2.19
1594	40.1		49.51	2.18
1596	40		49.51	2.22
1598	40.1		49.5	2.3
1600	40		49.51	2.22
1602	40		49.86	2.75
1604	40.1		49.99	2.51
1606	40.1		50	2.45
1608	40		50	2.51
1610	40		50	2.48
1612	40		50.01	2.45
1614	40.1		50.01	2.46
1616	40		50.01	2.48
1618	40.1		50	2.51
1620	40		50	2.5
1622	40.1		50.01	2.5
1624	40.1		50	2.48
1626	40.1		50.01	2.44
1628	40.1		50	2.52
1630	40		50	2.48
1632	40.1		50.01	2.48
1634	40.1		50.01	2.51
1636	40.1		50	2.51
1638	40		50.01	2.45
1640	40		50	2.49
1642	40.1		50.01	2.46
1644	40.1		50	2.46
1646	40.1		50.01	2.44
1648	40		50	2.5
1650	40		50.16	2.55
1652	40		50.49	2.5
1654	40		50.5	2.49
1656	40		50.5	2.51
1658	40.1		50.51	2.5
1660	40.1		50.51	2.51
1662	40		50.51	2.54
1664	40		50.51	2.48
1666	40		50.51	2.48
1668	40.1		50.51	2.48
1670	40.1		50.51	2.48
1672	40		50.51	2.51
1674	40		50.51	2.44
1676	40.1		50.51	2.47
1678	40.1		50.51	2.43
1680	40		50.51	2.49
1682	40.1		50.51	2.46
1684	40		50.51	2.44
1686	40		50.51	2.47
1688	40.1		50.51	2.46
1690	40.1		50.51	2.49
1692	40		50.51	2.45
1694	40		50.51	2.45
1696	40		50.51	2.44
1698	40		50.51	2.46
1700	40		50.65	2.5
1702	40		51	2.5
1704	40		51.01	2.48
1706	40		51.01	2.48
1708	40.1		51.01	2.43
1710	40		51.01	2.49
1712	40		51.01	2.46
1714	40		51.02	2.45
1716	40		51.01	2.43
1718	40		51.02	2.46
1720	40		51.01	2.47
1722	40.1		51.02	2.46
1724	40		51.01	2.43
1726	40		51.01	2.48
1728	40		51.02	2.45
1730	40		51.01	2.41
1732	40		51.01	2.44
1734	40		51.01	2.41
1736	40		51.01	2.44
1738	40.1		51.01	2.41
1740	40		51.02	2.4
1742	40		51.01	2.48
1744	40		51.02	2.39
1746	40		51.01	2.4
1748	40		51.01	2.43
1750	40.1		51.06	2.44
1752	40		51.52	2.42
1754	40.1		51.5	2.46
1756	40		51.5	2.42
1758	40		51.51	2.46
1760	40		51.51	2.37
1762	40.1		51.51	2.43
1764	40		51.51	2.45
1766	40		51.51	2.43
1768	40		51.51	2.39
1770	40		51.51	2.43
1772	40		51.51	2.46
1774	40		51.51	2.47
1776	40		51.51	2.46
1778	40		51.51	2.44
1780	40		51.51	2.44
1782	40		51.51	2.49
1784	40		51.51	2.42
1786	40		51.51	2.43
1788	40		51.51	2.46
1790	40		51.51	2.39
1792	40		51.51	2.43
1794	40		51.51	2.45
1796	40		51.51	2.45
1798	40		51.51	2.4
1800	40		51.51	2.39
1802	40		51.74	2.46
1804	40		52	2.42
1806	40		52.01	2.46
1808	40		52.01	2.42
1810	40		52.02	2.44
1812	40		52.02	2.42
1814	40		52.02	2.48
1816	40.1		52.02	2.46
1818	40		52.02	2.48
1820	40.1		52.02	2.49
1822	40.1		52.02	2.45
1824	40		52.02	2.49
1826	40		52.02	2.45
1828	40		52.02	2.42
1830	40		52.02	2.45
1832	40		52.02	2.44
1834	40		52.02	2.46
1836	40		52.02	2.44
1838	40		52.02	2.45
1840	40		52.02	2.42
1842	40		52.02	2.47
1844	40		52.02	2.45
1846	40		52.02	2.43
1848	40		52.02	2.41
1850	40		52.21	2.48
1852	40.1		52.51	2.46
1854	40		52.51	2.48
1856	40		52.52	2.48
1858	40.1		52.52	2.44
1860	40		52.52	2.48
1862	40		52.52	2.47
1864	40		52.52	2.47
1866	40.1		52.52	2.47
1868	40		52.52	2.5
1870	40		52.52	2.52
1872	40.1		52.52	2.42
1874	40		52.52	2.47
1876	40.1		52.52	2.48
1878	40		52.52	2.44
1880	40		52.52	2.44
1882	40		52.52	2.46
1884	40		52.52	2.43
1886	40		52.52	2.49
1888	40		52.52	2.5
1890	40		52.52	2.45
1892	40		52.52	2.46
1894	40		52.52	2.44
1896	40		52.52	2.45
1898	40		52.53	2.45
1900	40		52.69	2.91
1902	40		53.01	3.33
1904	40		53.02	3.4
1906	40		53.02	3.38
1908	40		53.02	3.4
1910	40		53.02	3.44
1912	40		53.02	3.45
1914	40		53.02	3.43
1916	40		53.02	3.43
1918	40		53.02	3.44
1920	40		53.02	3.42
1922	40		53.02	3.43
1924	40		53.02	3.49
1926	40		53.02	3.4
1928	40		53.02	3.4
1930	40		53.02	3.44
1932	40		53.02	3.46
1934	40		53.02	3.5
1936	40		53.02	3.43
1938	40		53.02	3.37
1940	40		53.02	3.42
1942	40		53.02	3.41
1944	40		53.02	3.4
1946	40.1		53.02	3.42
1948	40		53.02	3.42
1950	40		53.02	3.44
1952	40		53.5	13.92
1954	40		53.51	14.17
1956	40		53.52	14.28
1958	40		53.52	14.36
1960	40		53.52	14.4
1962	40		53.52	14.44
1964	40		53.52	14.39
1966	40		53.52	14.51
1968	40		53.52	14.47
1970	40		53.52	14.41
1972	40		53.52	14.41
1974	40		53.52	14.42
1976	40		53.52	14.48
1978	40		53.52	14.52
1980	40		53.52	14.45
1982	40		53.52	14.46
1984	40		53.52	14.44
1986	40		53.52	14.44
1988	40		53.52	14.47
1990	40		53.52	14.43
1992	40		53.52	14.48
1994	40		53.52	14.38
1996	40		53.52	14.46
1998	40		53.52	14.52
2000	40		53.67	19.96
2002	40		54.01	32.7
2004	40		54.02	33.02
2006	40		54.02	33.21
2008	40		54.02	33.27
2010	40		54.02	33.32
2012	40		54.02	33.32
2014	40		54.03	33.27
2016	40		54.02	33.4
2018	40		54.02	33.15
2020	40		54.02	33.23
2022	40		54.02	33.34
2024	40		54.02	33.32
2026	40		54.02	33.34
2028	40		54.02	33.23
2030	40		54.02	33.34
2032	40		54.02	33.44
2034	40		54.03	33.31
2036	40		54.02	33.41
2038	40		54.02	33.28
2040	40		54.02	33.34
2042	40		54.02	33.4
2044	40		54.02	33.17
2046	40.1		54.02	33.29
2048	40		54.02	33.33
2050	40		54.25	44.71
2052	40		54.5	56.87
2054	40		54.51	57.52
2056	40		54.52	57.61
2058	40		54.51	57.76
2060	40.1		54.52	57.53
2062	40		54.51	57.81
2064	40		54.52	57.79
2066	40		54.52	57.9
2068	40		54.52	57.65
2070	40		54.52	57.66
2072	40		54.52	57.81
2074	40		54.52	57.83
2076	40		54.51	58.02
2078	40		54.52	57.66
2080	40.1		54.52	57.8
2082	40		54.51	57.94
2084	40		54.52	57.9
2086	40		54.52	57.9
2088	40		54.52	57.94
2090	40		54.51	57.76
2092	40		54.51	57.77
2094	40		54.51	57.72
2096	40.1		54.52	57.78
2098	40.1		54.52	57.81
2100	40		54.57	60.97
2102	40		55.02	86.68
2104	40		55.01	85.97
2106	40		55.01	86.49
2108	40		55.02	86.53
2110	40		55.02	86.74
2112	40		55.02	86.68
2114	40		55.02	86.68
2116	40		55.02	86.39
2118	40		55.02	86.82
2120	40		55.02	86.7
2122	40		55.02	86.61
2124	40		55.02	86.74
2126	40		55.02	86.78
2128	40		55.02	86.82
2130	40		55.02	86.79
2132	40.1		55.02	86.63
2134	40		55.02	86.9
2136	40.1		55.02	86.81
2138	40.1		55.02	86.46
2140	40		55.02	86.6
2142	40		55.02	86.78
2144	40		55.02	86.46
2146	40		55.02	86.57
2148	40		55.02	86.93
2150	40		55.25	101.54
2152	40		55.51	118.62
2154	40		55.51	118.84
2156	40		55.52	118.9
2158	40		55.52	119.31
2160	40		55.52	119.4
2162	40		55.52	119.15
2164	40		55.52	119.35
2166	40		55.52	119.15
2168	40		55.52	118.93
2170	40		55.52	119.12
2172	40		55.52	119.02
2174	40		55.52	118.91
2176	40		55.52	119.26
2178	40		55.52	119.05
2180	40		55.52	119.22
2182	40		55.52	119.33
2184	40		55.52	119.12
2186	40		55.52	119.3
2188	40		55.52	119.11
2190	40		55.52	119.17
2192	40		55.52	118.99
2194	40		55.52	119.22
2196	40		55.52	119.22
2198	40		55.52	119.23
2200	40		55.6	125.13
2202	40		56.03	156
2204	40		56.02	155.41
2206	40		56.02	155.24
2208	40.1		56.02	155.66
2210	40		56.02	155.78
2212	40		56.03	155.84
2214	40		56.03	155.83
2216	40		56.02	155.76
2218	40		56.02	155.64
2220	40		56.03	155.35
2222	40		56.03	155.48
2224	40		56.03	155.57
2226	40		56.03	155.58
2228	40		56.03	155.41
2230	40		56.03	155.52
2232	40		56.02	155.38
2234	40		56.03	155.28
2236	40		56.03	155.48
2238	40		56.02	155.61
2240	40		56.03	155.73
2242	40		56.03	155.93
2244	40		56.03	155.44
2246	40		56.25	173.14
2248	40		56.53	194.49
2250	40		56.53	195.33
2252	40		56.54	195.42
2254	40		56.54	195.49
2256	40		56.54	195.43
2258	40		56.54	195.95
2260	40		56.54	195.62
2262	40		56.54	195.58
2264	40		56.54	195.56
2266	40		56.54	195.4
2268	40		56.54	195.81
2270	40		56.54	195.32
2272	40		56.54	195.88
2274	40		56.54	195.43
2276	40		56.54	195.61
2278	40		56.54	195.63
2280	40		56.54	195.06
2282	40		56.54	194.96
2284	40		56.54	195.02
2286	40		56.54	195.58
2288	40		56.54	195.5
2290	40		56.54	195.36
2292	40		56.54	195.76
2294	40		56.54	195.51
2296	40		56.54	195.82
2298	40		56.54	195.89
2300	40		56.54	195.43
2302	40		56.54	195.28
2304	40		56.87	223.43
2306	40		57.04	237.62
2308	40.1		57.05	238.37
2310	40		57.05	238.21
2312	40		57.05	238.28
2314	40		57.05	238.51
2316	40		57.05	238.47
2318	40		57.05	238.38
2320	40		57.05	238.25
2322	40		57.05	238.39
2324	40		57.05	238.19
2326	40		57.05	238.31
2328	40		57.05	238.65
2330	40		57.05	238.06
2332	40		57.05	238.95
2334	40		57.05	238.82
2336	40		57.05	239.33
2338	40		57.05	238.41
2340	40		57.05	238.77
2342	40		57.05	238.43
2344	40		57.05	238.85
2346	40		57.05	238.39
2348	40		57.05	238.3
2350	40		57.13	246.34
2352	40		57.54	283.4
2354	40		57.54	283.39
2356	40		57.55	283.74
2358	40		57.55	283.71
2360	40		57.54	284.12
2362	40		57.55	284.37
2364	40		57.55	283.66
2366	40		57.55	283.82
2368	40		57.55	283.47
2370	40		57.55	284.23
2372	40		57.55	283.98
2374	40		57.55	283.95
2376	40		57.55	283.48
2378	40		57.55	283.39
2380	40		57.55	283.6
2382	40		57.55	284.04
2384	40		57.55	283.72
2386	40		57.55	284.14
2388	40		57.55	283.72
2390	40		57.55	283.28
2392	40		57.55	284
2394	40		57.55	283.76
2396	40		57.55	283.57
2398	40		57.55	283.7
2400	40		57.68	296.17
2402	40		58.04	330.5
2404	40		58.04	330.05
2406	40		58.04	330.23
2408	40		58.05	331.16
2410	40		58.05	331.34
2412	40		58.05	330.78
2414	40		58.04	331.31
2416	40		58.05	331.18
2418	40		58.05	331.17
2420	40		58.05	331.5
2422	40		58.05	330.91
2424	40		58.05	331.19
2426	40		58.05	330.87
2428	40		58.05	331.37
2430	40		58.05	330.8
2432	40		58.05	330.27
2434	40		58.05	331.05
2436	40		58.05	330.36
2438	40		58.04	331.08
2440	40		58.05	330.92
2442	40		58.05	330.9
2444	40		58.05	330.88
2446	40		58.05	331.12
2448	40		58.05	330.93
2450	40		58.04	330.83
2452	40		58.46	367.73
2454	40		58.53	374.85
2456	40		58.54	375.49
2458	40		58.54	375.03
2460	40		58.54	375.82
2462	40		58.54	374.74
2464	40		58.54	375.52
2466	40		58.54	375.76
2468	40		58.54	374.96
2470	40		58.54	375.31
2472	40		58.54	375.85
2474	40		58.54	375.31
2476	40		58.54	375.09
2478	40		58.54	375.4
2480	40		58.54	375.7
2482	40		58.54	374.84
2484	40		58.54	375.35
2486	40		58.54	374.75
2488	40		58.54	375.87
2490	40		58.54	375.62
2492	40		58.54	374.86
2494	40		58.54	375.13
2496	40		58.54	375.41
2498	40		58.55	375.56
2500	40		58.54	375.31
2502	40		58.63	381.61
2504	40		59.04	413.02
2506	40		59.03	412.55
2508	40		59.03	413.25
2510	40		59.04	412.69
2512	40		59.04	413.35
2514	40		59.04	412.73
2516	40		59.04	412.73
2518	40		59.04	412.94
2520	40		59.04	412.98
2522	40		59.04	413.47
2524	40		59.04	413.3
2526	40		59.04	413.19
2528	40		59.04	412.88
2530	40		59.04	413.11
2532	40		59.04	413.04
2534	40		59.04	412.74
2536	40		59.04	412.92
2538	40		59.04	412.77
2540	40		59.04	413.04
2542	40		59.04	412.93
2544	40		59.03	412.62
2546	40		59.04	412.98
2548	40		59.04	412.71
2550	40		59.2	419.56
2552	40		59.53	433.24
2554	40		59.54	433.28
2556	40		59.55	433.14
2558	40		59.55	433.19
2560	40		59.55	432.91
2562	40		59.55	432.79
2564	40		59.55	432.93
2566	40		59.55	433.24
2568	40		59.55	432.82
2570	40		59.55	433.18
2572	40		59.55	433.06
2574	40		59.55	433.03
2576	40		59.55	432.82
2578	40		59.55	433
2580	40		59.55	432.71
2582	40		59.55	432.89
2584	40		59.55	432.96
2586	40		59.55	433.09
2588	40		59.55	432.87
2590	40		59.55	432.87
2592	40		59.55	432.92
2594	40		59.55	432.94
2596	40		59.55	432.83
2598	40		59.55	432.98
2600	40		59.55	432.63
2602	40		59.76	434.6
2604	40		60.04	436.63
2606	40		60.04	436.65
2608	40		60.04	436.65
2610	40		60.04	436.6
2612	40		60.04	436.61
2614	40		60.04	436.62
2616	40		60.04	436.61
2618	40		60.04	436.58
2620	40		60.04	436.54
2622	40		60.04	436.59
2624	40		60.04	436.63
2626	40		60.04	436.62
2628	40		60.04	436.57
2630	40		60.04	436.59
2632	40		60.04	436.53
2634	40		60.04	436.64
2636	40		60.04	436.59
2638	40		60.04	436.61
2640	40		60.04	436.6
2642	40		60.04	436.55
2644	40		60.04	436.6
2646	40		60.04	436.58
2648	40		60.05	436.65
2650	40		60.04	436.56
2652	40		60.04	436.63
2654	40		60.05	436.6
2656	40		60.04	436.59
2658	40		60.04	436.55
2660	40		60.04	436.58
2662	40		60.04	436.5
2664	40		60.04	436.55
2666	40		60.04	436.51
2668	40		60.04	436.53
2670	40		60.04	436.52
2672	40		60.04	436.6
2674	40		60.04	436.51
2676	40		60.04	436.57
2678	40		60.04	436.58
2680	40		60.04	436.54
2682	40		60.04	436.48
2684	40		60.04	436.54
2686	40		60.04	436.53
2688	40		60.04	436.5
2690	40		60.04	436.53
2692	40		60.04	436.58
2694	40		60.04	436.5
2696	40		60.04	436.55
2698	40		60.05	436.45
2700	40		60.04	436.56
2702	40		60.04	436.52
