Tiempo (s)	Temperatura (°C)	Voltaje HV (V)	Voltaje HV (V)	Corriente (nA)			
950	5.1	41.05	40.85	3.79			
952	5.1	41.05	40.85	3.82			
954	5.3	41.04	40.84	3.9			
956	5.1	41.05	40.85	3.82			
958	5.2	41.06	40.86	3.73			
960	5.2	41.04	40.84	3.84			
962	5.1	41.05	40.85	3.81			
964	5.1	41.05	40.85	3.8			
966	5.2	41.04	40.84	3.8			
968	5.2	41.05	40.85	3.81			
970	5.1	41.05	40.85	3.76			
972	5.3	41.05	40.85	3.74			
974	5.1	41.04	40.84	3.79			
976	5.1	41.06	40.86	3.64			
978	5.2	41.04	40.84	3.83			
980	5.2	41.05	40.85	3.76			
982	5.2	41.05	40.85	3.72			
984	5.1	41.04	40.84	3.78			
986	5.1	41.05	40.85	3.73			
988	5.2	41.04	40.84	3.8			
990	5.3	41.05	40.85	3.77			
992	5.1	41.05	40.85	3.67			
994	5.2	41.05	40.85	3.7			
996	5.1	41.04	40.84	3.82			
998	5.4	41.05	40.85	3.8			
1000	5.1	41.07	40.87	3.84			
1002	5.1	41.05	40.85	3.53			
1004	5.2	41.04	40.84	3.84			
1006	5.2	41.04	40.84	3.88			
1008	5.1	41.05	40.85	3.77			
1010	5.2	41.05	40.85	3.82			
1012	5.2	41.05	40.85	3.82			
1014	5.2	41.05	40.85	3.71			
1016	5.2	41.05	40.85	3.76			
1018	5.1	41.05	40.85	3.71			
1020	5.1	41.05	40.85	3.81			
1022	5.1	41.04	40.84	3.87			
1024	5.2	41.05	40.85	3.81			
1026	5.2	41.05	40.85	3.8			
1028	5.1	41.05	40.85	3.79			
1030	5.1	41.05	40.85	3.81			
1032	5.1	41.04	40.84	3.86			
1034	5.1	41.04	40.84	3.81			
1036	5.1	41.05	40.85	3.8			
1038	5.1	41.05	40.85	3.82			
1040	5.2	41.04	40.84	3.86			
1042	5.2	41.05	40.85	3.85			
1044	5.1	41.05	40.85	3.77			
1046	5.1	41.05	40.85	3.79			
1048	5.3	41.04	40.84	3.89			
1050	5.1	41.1	40.9	3.84			
1052	5.1	41.08	40.88	3.64			
1054	5.2	41.08	40.88	3.88			
1056	5.2	41.09	40.89	3.81			
1058	5.1	41.09	40.89	3.77			
1060	5.1	41.09	40.89	3.79			
1062	5.1	41.09	40.89	3.87			
1064	5.1	41.09	40.89	3.81			
1066	5.1	41.09	40.89	3.8			
1068	5.1	41.09	40.89	3.8			
1070	5.2	41.09	40.89	3.81			
1072	5.1	41.1	40.9	3.76			
1074	5.1	41.1	40.9	3.72			
1076	5.1	41.09	40.89	3.84			
1078	5.1	41.09	40.89	3.83			
1080	5.1	41.09	40.89	3.84			
1082	5.1	41.09	40.89	3.84			
1084	5.2	41.09	40.89	3.87			
1086	5.2	41.09	40.89	3.86			
1088	5.1	41.1	40.9	3.73			
1090	5.1	41.09	40.89	3.83			
1092	5.2	41.09	40.89	3.84			
1094	5.2	41.09	40.89	3.83			
1096	5.1	41.1	40.9	3.74			
1098	5.1	41.1	40.9	3.8			
1100	5.1	41.53	41.33	3.9			
1102	5.1	41.58	41.38	3.83			
1104	5.2	41.58	41.38	3.88			
1106	5.2	41.59	41.39	3.81			
1108	5.1	41.59	41.39	3.81			
1110	5.1	41.59	41.39	3.84			
1112	5.1	41.59	41.39	3.83			
1114	5.3	41.59	41.39	3.77			
1116	5.2	41.59	41.39	3.83			
1118	5.1	41.61	41.41	3.59			
1120	5.2	41.59	41.39	3.78			
1122	5.3	41.58	41.38	3.87			
1124	5.3	41.6	41.4	3.75			
1126	5.2	41.6	41.4	3.69			
1128	5.1	41.6	41.4	3.76			
1130	5.1	41.59	41.39	3.81			
1132	5.2	41.58	41.38	3.9			
1134	5.1	41.59	41.39	3.83			
1136	5.2	41.61	41.41	3.68			
1138	5.1	41.58	41.38	3.92			
1140	5	41.6	41.4	3.8			
1142	5.3	41.59	41.39	3.88			
1144	5.1	41.59	41.39	3.87			
1146	5.1	41.61	41.41	3.62			
1148	5.1	41.59	41.39	3.88			
1150	5.1	41.83	41.63	3.87			
1152	5.1	42.07	41.87	3.88			
1154	5.2	42.09	41.89	3.94			
1156	5.1	42.1	41.9	3.85			
1158	5.1	42.11	41.91	3.74			
1160	5.1	42.1	41.9	3.93			
1162	5.1	42.1	41.9	3.84			
1164	5.1	42.11	41.91	3.84			
1166	5.1	42.11	41.91	3.86			
1168	5.1	42.11	41.91	3.84			
1170	5.1	42.1	41.9	3.78			
1172	5.1	42.11	41.91	3.8			
1174	5.1	42.1	41.9	3.87			
1176	5.2	42.1	41.9	3.85			
1178	5.1	42.11	41.91	3.77			
1180	5.1	42.11	41.91	3.72			
1182	5.1	42.1	41.9	3.89			
1184	5.1	42.11	41.91	3.81			
1186	5.1	42.11	41.91	3.81			
1188	5.1	42.11	41.91	3.85			
1190	5.1	42.11	41.91	3.83			
1192	5.1	42.11	41.91	3.86			
1194	5.1	42.11	41.91	3.8			
1196	5.2	42.1	41.9	3.85			
1198	5.1	42.1	41.9	3.82			
1200	5.1	42.45	42.25	3.82			
1202	5.1	42.58	42.38	3.91			
1204	5.1	42.59	42.39	3.88			
1206	5.1	42.6	42.4	3.82			
1208	5.2	42.6	42.4	3.84			
1210	5.1	42.59	42.39	3.87			
1212	5.1	42.6	42.4	3.77			
1214	5.2	42.59	42.39	3.88			
1216	5.2	42.6	42.4	3.89			
1218	5.1	42.61	42.41	3.75			
1220	5.1	42.6	42.4	3.86			
1222	5.2	42.59	42.39	3.95			
1224	5.3	42.59	42.39	3.88			
1226	5.2	42.61	42.41	3.75			
1228	5.1	42.6	42.4	3.78			
1230	5.1	42.6	42.4	3.85			
1232	5.1	42.6	42.4	3.85			
1234	5.2	42.6	42.4	3.81			
1236	5.1	42.6	42.4	3.82			
1238	5.1	42.61	42.41	3.75			
1240	5.1	42.6	42.4	3.89			
1242	5.2	42.6	42.4	3.86			
1244	5.1	42.6	42.4	3.84			
1246	5.1	42.6	42.4	3.81			
1248	5.2	42.59	42.39	3.89			
1250	5.2	42.6	42.4	3.83			
1252	5.1	42.63	42.43	3.81			
1254	5.1	43.12	42.92	3.94			
1256	5.2	43.1	42.9	3.92			
1258	5.1	43.11	42.91	3.87			
1260	5.1	43.12	42.92	3.78			
1262	5.2	43.1	42.9	3.97			
1264	5.2	43.12	42.92	3.92			
1266	5.1	43.12	42.92	3.88			
1268	5.1	43.12	42.92	3.81			
1270	5.3	43.11	42.91	3.94			
1272	5.1	43.12	42.92	3.88			
1274	5.1	43.13	42.93	3.69			
1276	5.1	43.1	42.9	3.95			
1278	5.2	43.11	42.91	3.84			
1280	5.1	43.11	42.91	3.88			
1282	5.2	43.13	42.93	3.76			
1284	5.1	43.11	42.91	3.84			
1286	5.1	43.12	42.92	3.82			
1288	5.1	43.11	42.91	3.9			
1290	5.1	43.11	42.91	3.98			
1292	5.3	43.12	42.92	3.9			
1294	5	43.11	42.91	3.96			
1296	5.1	43.13	42.93	3.74			
1298	5.1	43.11	42.91	4.02			
1300	5.1	43.12	42.92	3.86			
1302	5.1	43.57	43.37	4.01			
1304	5.1	43.6	43.4	3.98			
1306	5.1	43.6	43.4	4.03			
1308	5.1	43.61	43.41	3.98			
1310	5.1	43.62	43.42	3.92			
1312	5.1	43.61	43.41	4.01			
1314	5.1	43.61	43.41	3.96			
1316	5.2	43.61	43.41	3.98			
1318	5.2	43.61	43.41	3.96			
1320	5.1	43.62	43.42	3.81			
1322	5.2	43.62	43.42	3.87			
1324	5.2	43.61	43.41	3.96			
1326	5.2	43.62	43.42	3.83			
1328	5.1	43.61	43.41	3.92			
1330	5.1	43.61	43.41	3.93			
1332	5.1	43.61	43.41	3.98			
1334	5.2	43.62	43.42	3.92			
1336	5.1	43.62	43.42	3.87			
1338	5.1	43.62	43.42	3.84			
1340	5.3	43.61	43.41	3.99			
1342	5.1	43.61	43.41	3.95			
1344	5.1	43.63	43.43	3.71			
1346	5.1	43.61	43.41	4.01			
1348	5	43.61	43.41	3.92			
1350	5.1	43.92	43.72	3.94			
1352	5.1	44.1	43.9	3.95			
1354	5.2	44.12	43.92	3.88			
1356	5.2	44.12	43.92	3.98			
1358	5.1	44.13	43.93	3.88			
1360	5.2	44.13	43.93	3.94			
1362	5.1	44.12	43.92	4.01			
1364	5.1	44.13	43.93	3.92			
1366	5.1	44.12	43.92	3.96			
1368	5.1	44.12	43.92	4.04			
1370	5.1	44.13	43.93	3.92			
1372	5.1	44.12	43.92	4.01			
1374	5.1	44.13	43.93	3.94			
1376	5.2	44.12	43.92	4.01			
1378	5.1	44.13	43.93	3.95			
1380	5.2	44.14	43.94	3.85			
1382	5	44.12	43.92	4			
1384	5.2	44.13	43.93	3.94			
1386	5.3	44.11	43.91	4.04			
1388	5.1	44.13	43.93	3.9			
1390	5.1	44.14	43.94	3.79			
1392	5.1	44.12	43.92	3.95			
1394	5.1	44.13	43.93	3.95			
1396	5.1	44.13	43.93	3.92			
1398	5.1	44.12	43.92	3.98			
1400	5.1	44.42	44.22	3.98			
1402	5.2	44.6	44.4	4.03			
1404	5	44.62	44.42	3.92			
1406	5.2	44.63	44.43	3.81			
1408	5.2	44.62	44.42	4.07			
1410	5.1	44.64	44.44	3.85			
1412	5.2	44.64	44.44	3.79			
1414	5.1	44.62	44.42	3.99			
1416	5.1	44.63	44.43	3.92			
1418	5.2	44.63	44.43	3.97			
1420	5.1	44.63	44.43	3.93			
1422	5.1	44.64	44.44	3.82			
1424	5.1	44.63	44.43	4.02			
1426	5.1	44.63	44.43	3.98			
1428	5.1	44.63	44.43	3.95			
1430	5.1	44.63	44.43	3.92			
1432	5.1	44.62	44.42	3.96			
1434	5.1	44.63	44.43	3.91			
1436	5.1	44.63	44.43	3.95			
1438	5.1	44.63	44.43	3.91			
1440	5.2	44.63	44.43	3.88			
1442	5.1	44.63	44.43	3.93			
1444	5.1	44.64	44.44	3.87			
1446	5.1	44.62	44.42	3.99			
1448	5.1	44.63	44.43	3.93			
1450	5.1	44.8	44.6	4.04			
1452	5.1	45.14	44.94	3.96			
1454	5.1	45.14	44.94	4			
1456	5.1	45.14	44.94	4.02			
1458	5.2	45.15	44.95	3.98			
1460	5.1	45.15	44.95	3.97			
1462	5.1	45.16	44.96	3.84			
1464	5.1	45.15	44.95	3.99			
1466	5.2	45.15	44.95	4			
1468	5.1	45.15	44.95	3.95			
1470	5.1	45.16	44.96	3.86			
1472	5.1	45.14	44.94	4.01			
1474	5.2	45.15	44.95	3.96			
1476	5.2	45.15	44.95	3.97			
1478	5.2	45.16	44.96	3.91			
1480	5.2	45.15	44.95	3.95			
1482	5.1	45.15	44.95	3.94			
1484	5.1	45.15	44.95	3.94			
1486	5.2	45.14	44.94	3.97			
1488	5.1	45.16	44.96	3.95			
1490	5.1	45.16	44.96	3.94			
1492	5.2	45.15	44.95	4.03			
1494	5.1	45.15	44.95	3.9			
1496	5	45.16	44.96	3.91			
1498	5.1	45.34	45.14	4.01			
1500	5.3	45.61	45.41	4.03			
1502	5.2	45.63	45.43	3.95			
1504	5.1	45.65	45.45	3.72			
1506	5.2	45.64	45.44	4.06			
1508	5.2	45.64	45.44	4.11			
1510	5	45.64	45.44	3.99			
1512	5.1	45.64	45.44	4.01			
1514	5.2	45.63	45.43	4.11			
1516	5.1	45.64	45.44	4.02			
1518	5	45.65	45.45	3.89			
1520	5.3	45.63	45.43	4.09			
1522	5.1	45.63	45.43	4.06			
1524	5.2	45.66	45.46	3.68			
1526	5.2	45.63	45.43	4.08			
1528	5.1	45.65	45.45	3.92			
1530	5.1	45.65	45.45	3.94			
1532	5.2	45.64	45.44	4.07			
1534	5.1	45.64	45.44	4.09			
1536	5.2	45.65	45.45	3.88			
1538	5.1	45.64	45.44	4.11			
1540	5.1	45.65	45.45	3.87			
1542	5.1	45.64	45.44	4.02			
1544	5	45.64	45.44	4.03			
1546	5	45.64	45.44	4			
1548	5.2	45.64	45.44	4.02			
1550	5.1	45.77	45.57	4.04			
1552	5.1	46.16	45.96	3.92			
1554	5.2	46.15	45.95	4.06			
1556	5.1	46.16	45.96	4.04			
1558	5.1	46.17	45.97	3.99			
1560	5.2	46.15	45.95	4.11			
1562	5.1	46.16	45.96	4.1			
1564	5.1	46.17	45.97	3.93			
1566	5.1	46.15	45.95	4.05			
1568	5.2	46.16	45.96	4.08			
1570	5.1	46.16	45.96	4.07			
1572	5.1	46.17	45.97	4.02			
1574	5.1	46.15	45.95	4.14			
1576	5.1	46.16	45.96	4.07			
1578	5.1	46.17	45.97	4.02			
1580	5.1	46.16	45.96	4.08			
1582	5	46.16	45.96	4.06			
1584	5.1	46.16	45.96	4.02			
1586	5.1	46.16	45.96	4.11			
1588	5.1	46.16	45.96	4.06			
1590	5	46.16	45.96	4.06			
1592	5.1	46.16	45.96	4.09			
1594	5.1	46.15	45.95	4.14			
1596	5.1	46.17	45.97	3.99			
1598	5.1	46.17	45.97	4.02			
1600	5.1	46.41	46.21	4.12			
1602	5.3	46.64	46.44	4.08			
1604	5.1	46.65	46.45	4.14			
1606	5.1	46.68	46.48	3.65			
1608	5.2	46.65	46.45	4.2			
1610	5.1	46.66	46.46	4.1			
1612	5.1	46.67	46.47	4.01			
1614	5.2	46.66	46.46	4.16			
1616	5.1	46.66	46.46	4.15			
1618	5.1	46.68	46.48	3.91			
1620	5.1	46.65	46.45	4.13			
1622	5.1	46.67	46.47	4.02			
1624	5.1	46.66	46.46	4.04			
1626	5.2	46.66	46.46	4.04			
1628	5.1	46.66	46.46	4.06			
1630	5.1	46.67	46.47	4			
1632	5.1	46.66	46.46	4.13			
1634	5.1	46.66	46.46	4.14			
1636	5.1	46.66	46.46	4.09			
1638	5.1	46.67	46.47	4.08			
1640	5.1	46.66	46.46	4.17			
1642	5.1	46.67	46.47	4.05			
1644	5.1	46.66	46.46	4.1			
1646	5.1	46.67	46.47	4.07			
1648	5.1	46.66	46.46	4.08			
1650	5.1	46.71	46.51	4.11			
1652	5.1	47.17	46.97	4.14			
1654	5.1	47.17	46.97	4.1			
1656	5	47.17	46.97	4.16			
1658	5.1	47.17	46.97	4.11			
1660	5.1	47.17	46.97	4.18			
1662	5.1	47.17	46.97	4.14			
1664	5.1	47.18	46.98	4.08			
1666	5.1	47.17	46.97	4.15			
1668	5.1	47.17	46.97	4.13			
1670	5	47.17	46.97	4.13			
1672	5.1	47.17	46.97	4.18			
1674	5.1	47.16	46.96	4.19			
1676	5.1	47.18	46.98	4.08			
1678	5.1	47.18	46.98	4.12			
1680	5.1	47.17	46.97	4.17			
1682	5.1	47.18	46.98	4.05			
1684	5.1	47.17	46.97	4.09			
1686	5.1	47.17	46.97	4.05			
1688	5.1	47.17	46.97	4.1			
1690	5.1	47.17	46.97	4.03			
1692	5.1	47.17	46.97	3.99			
1694	5.1	47.18	46.98	4.06			
1696	5.1	47.17	46.97	4.08			
1698	5.1	47.18	46.98	4.04			
1700	5.1	47.44	47.24	4.15			
1702	5.1	47.65	47.45	4.15			
1704	5.2	47.66	47.46	4.05			
1706	5.1	47.67	47.47	4.13			
1708	5.1	47.68	47.48	4.03			
1710	5.1	47.67	47.47	4.11			
1712	5.1	47.67	47.47	4.03			
1714	5.1	47.67	47.47	4.09			
1716	5.1	47.67	47.47	4.02			
1718	5.1	47.67	47.47	4.04			
1720	5.1	47.67	47.47	4.08			
1722	5.1	47.67	47.47	4.07			
1724	5.1	47.67	47.47	4.07			
1726	5.1	47.67	47.47	4.16			
1728	5.1	47.67	47.47	4.14			
1730	5.1	47.67	47.47	4.12			
1732	5.1	47.67	47.47	4.08			
1734	5.1	47.67	47.47	4.14			
1736	5.1	47.67	47.47	4.13			
1738	5.2	47.67	47.47	4.07			
1740	5.1	47.67	47.47	4.05			
1742	5.1	47.68	47.48	3.99			
1744	5.1	47.66	47.46	4.25			
1746	5.1	47.67	47.47	4.19			
1748	5.1	47.67	47.47	4.16			
1750	5.1	47.9	47.7	4.19			
1752	5.2	48.16	47.96	4.19			
1754	5.2	48.18	47.98	4.14			
1756	5.1	48.18	47.98	4.17			
1758	5.1	48.18	47.98	4.21			
1760	5.1	48.18	47.98	4.26			
1762	5.2	48.18	47.98	4.34			
1764	5.1	48.18	47.98	4.26			
1766	5.1	48.19	47.99	4.12			
1768	5.1	48.18	47.98	4.24			
1770	5.1	48.18	47.98	4.2			
1772	5.1	48.18	47.98	4.18			
1774	5.1	48.18	47.98	4.23			
1776	5.1	48.18	47.98	4.23			
1778	5.1	48.18	47.98	4.2			
1780	5	48.18	47.98	4.24			
1782	5.1	48.19	47.99	4.17			
1784	5.1	48.17	47.97	4.33			
1786	5.1	48.19	47.99	4.17			
1788	5.1	48.18	47.98	4.29			
1790	5.1	48.19	47.99	4.21			
1792	5.1	48.18	47.98	4.29			
1794	5.2	48.18	47.98	4.19			
1796	5.1	48.18	47.98	4.16			
1798	5.1	48.19	47.99	4.06			
1800	5.1	48.65	48.45	4.35			
1802	5	48.65	48.45	4.29			
1804	5.1	48.66	48.46	4.29			
1806	5.1	48.66	48.46	4.29			
1808	5.1	48.67	48.47	4.17			
1810	5.1	48.67	48.47	4.19			
1812	5.1	48.67	48.47	4.27			
1814	5.1	48.67	48.47	4.23			
1816	5.1	48.67	48.47	4.27			
1818	5.1	48.67	48.47	4.26			
1820	5.1	48.67	48.47	4.29			
1822	5.1	48.67	48.47	4.21			
1824	5.1	48.67	48.47	4.27			
1826	5.1	48.67	48.47	4.29			
1828	5.1	48.67	48.47	4.23			
1830	5.1	48.67	48.47	4.24			
1832	5.1	48.67	48.47	4.22			
1834	5.1	48.67	48.47	4.24			
1836	5.1	48.67	48.47	4.22			
1838	5.1	48.67	48.47	4.18			
1840	5	48.66	48.46	4.21			
1842	5.1	48.67	48.47	4.21			
1844	5.1	48.66	48.46	4.29			
1846	5.1	48.68	48.48	4.07			
1848	5.1	48.67	48.47	4.26			
1850	5.1	48.67	48.47	4.25			
1852	5.1	48.67	48.47	4.26			
1854	5.1	49.17	48.97	4.31			
1856	5.1	49.18	48.98	4.3			
1858	5.2	49.18	48.98	4.3			
1860	5.1	49.19	48.99	4.27			
1862	5.1	49.19	48.99	4.2			
1864	5.1	49.18	48.98	4.37			
1866	5.1	49.18	48.98	4.3			
1868	5.1	49.19	48.99	4.21			
1870	5.1	49.19	48.99	4.29			
1872	5.1	49.19	48.99	4.24			
1874	5.1	49.19	48.99	4.21			
1876	5.1	49.19	48.99	4.24			
1878	5.1	49.18	48.98	4.28			
1880	5.1	49.19	48.99	4.26			
1882	5.1	49.19	48.99	4.24			
1884	5.1	49.19	48.99	4.22			
1886	5.2	49.18	48.98	4.32			
1888	5.1	49.19	48.99	4.32			
1890	5.1	49.2	49	4.21			
1892	5.1	49.18	48.98	4.38			
1894	5.1	49.19	48.99	4.32			
1896	5.1	49.19	48.99	4.26			
1898	5.1	49.19	48.99	4.31			
1900	5.1	49.48	49.28	4.32			
1902	5.2	49.67	49.47	4.29			
1904	5.1	49.68	49.48	4.32			
1906	5.1	49.7	49.5	4.16			
1908	5.1	49.68	49.48	4.4			
1910	5.1	49.69	49.49	4.36			
1912	5	49.68	49.48	4.35			
1914	5.1	49.68	49.48	4.36			
1916	5.1	49.68	49.48	4.37			
1918	5.1	49.69	49.49	4.26			
1920	5.1	49.69	49.49	4.29			
1922	5.1	49.69	49.49	4.24			
1924	5.1	49.69	49.49	4.31			
1926	5.1	49.69	49.49	4.31			
1928	5	49.68	49.48	4.36			
1930	5.1	49.69	49.49	4.35			
1932	5	49.68	49.48	4.38			
1934	5.2	49.69	49.49	4.25			
1936	5.1	49.68	49.48	4.32			
1938	5.2	49.7	49.5	4.1			
1940	5.1	49.68	49.48	4.36			
1942	5.1	49.7	49.5	4.18			
1944	5.1	49.69	49.49	4.29			
1946	5.1	49.69	49.49	4.22			
1948	5.1	49.69	49.49	4.29			
1950	5.1	49.69	49.49	4.3			
1952	5.1	50.15	49.95	4.44			
1954	5.1	50.19	49.99	4.31			
1956	5.1	50.2	50	4.3			
1958	5.1	50.19	49.99	4.37			
1960	5.1	50.2	50	4.31			
1962	5.1	50.2	50	4.33			
1964	5.1	50.2	50	4.31			
1966	5.1	50.19	49.99	4.33			
1968	5.1	50.2	50	4.34			
1970	5.1	50.2	50	4.34			
1972	5.1	50.2	50	4.29			
1974	5.1	50.2	50	4.31			
1976	5.1	50.2	50	4.35			
1978	5.1	50.2	50	4.32			
1980	5.1	50.2	50	4.3			
1982	5.1	50.19	49.99	4.34			
1984	5.1	50.2	50	4.3			
1986	5.1	50.2	50	4.3			
1988	5.1	50.19	49.99	4.36			
1990	5.1	50.2	50	4.34			
1992	5.1	50.19	49.99	4.37			
1994	5.1	50.2	50	4.38			
1996	5.1	50.2	50	4.26			
1998	5.2	50.2	50	4.34			
2000	5.1	50.2	50	4.31			
2002	5.1	50.21	50.01	4.32			
2004	5.1	50.7	50.5	4.43			
2006	5.1	50.69	50.49	4.34			
2008	5	50.69	50.49	4.32			
2010	5.1	50.69	50.49	4.38			
2012	5.2	50.69	50.49	4.43			
2014	5.1	50.7	50.5	4.32			
2016	5.1	50.71	50.51	4.15			
2018	5.1	50.69	50.49	4.45			
2020	5.1	50.7	50.5	4.34			
2022	5.1	50.7	50.5	4.38			
2024	5.1	50.7	50.5	4.39			
2026	5.1	50.7	50.5	4.34			
2028	5.1	50.7	50.5	4.34			
2030	5.1	50.7	50.5	4.36			
2032	5.1	50.69	50.49	4.41			
2034	5.1	50.7	50.5	4.37			
2036	5.1	50.7	50.5	4.37			
2038	5.1	50.69	50.49	4.41			
2040	5.1	50.7	50.5	4.36			
2042	5	50.69	50.49	4.43			
2044	5.1	50.7	50.5	4.31			
2046	5.1	50.69	50.49	4.41			
2048	5.1	50.7	50.5	4.37			
2050	5.2	50.7	50.5	4.39			
2052	5.1	51.13	50.93	4.41			
2054	5.1	51.21	51.01	4.31			
2056	5.1	51.2	51	4.4			
2058	5	51.2	51	4.44			
2060	5	51.21	51.01	4.36			
2062	5.2	51.19	50.99	4.47			
2064	5.1	51.21	51.01	4.39			
2066	5.1	51.22	51.02	4.22			
2068	5.1	51.2	51	4.42			
2070	5	51.21	51.01	4.4			
2072	5.1	51.21	51.01	4.41			
2074	5.1	51.2	51	4.45			
2076	5.1	51.21	51.01	4.33			
2078	5.1	51.21	51.01	4.44			
2080	5.1	51.21	51.01	4.38			
2082	5.1	51.2	51	4.46			
2084	5.1	51.21	51.01	4.37			
2086	5.1	51.21	51.01	4.39			
2088	5.1	51.21	51.01	4.34			
2090	5.1	51.2	51	4.41			
2092	5.1	51.21	51.01	4.29			
2094	5.1	51.2	51	4.44			
2096	5.1	51.21	51.01	4.3			
2098	5.1	51.2	51	4.39			
2100	5.1	51.35	51.15	4.43			
2102	5.1	51.69	51.49	4.57			
2104	5.1	51.69	51.49	4.59			
2106	5.1	51.7	51.5	4.56			
2108	5.1	51.71	51.51	4.57			
2110	5.1	51.71	51.51	4.57			
2112	5.1	51.71	51.51	4.61			
2114	5.1	51.7	51.5	4.65			
2116	5.1	51.71	51.51	4.62			
2118	5.1	51.71	51.51	4.6			
2120	5.1	51.7	51.5	4.68			
2122	5.1	51.71	51.51	4.56			
2124	5.1	51.7	51.5	4.6			
2126	5.1	51.71	51.51	4.59			
2128	5.1	51.7	51.5	4.64			
2130	5.1	51.71	51.51	4.6			
2132	5.1	51.7	51.5	4.69			
2134	5.1	51.71	51.51	4.62			
2136	5.1	51.71	51.51	4.56			
2138	5.1	51.7	51.5	4.63			
2140	5.1	51.71	51.51	4.6			
2142	5.1	51.71	51.51	4.6			
2144	5.1	51.71	51.51	4.6			
2146	5.1	51.7	51.5	4.62			
2148	5.1	51.71	51.51	4.56			
2150	5.1	51.73	51.53	4.73			
2152	5.1	52.23	52.03	5.07			
2154	5.1	52.21	52.01	5.01			
2156	5.1	52.21	52.01	5.04			
2158	5.1	52.22	52.02	4.95			
2160	5.2	52.22	52.02	5.02			
2162	5.2	52.22	52.02	5.04			
2164	5.1	52.23	52.03	5			
2166	5.1	52.22	52.02	5.07			
2168	5.2	52.22	52.02	5.1			
2170	5.1	52.21	52.01	5.11			
2172	5.1	52.23	52.03	4.98			
2174	5.2	52.21	52.01	5.15			
2176	5.1	52.22	52.02	5.09			
2178	5.1	52.23	52.03	4.93			
2180	5.2	52.22	52.02	5.05			
2182	5.2	52.22	52.02	5.08			
2184	5.1	52.22	52.02	4.99			
2186	5.1	52.22	52.02	5.03			
2188	5.2	52.22	52.02	5.12			
2190	5.1	52.21	52.01	5.11			
2192	5.1	52.24	52.04	4.78			
2194	5.2	52.21	52.01	5.15			
2196	5.1	52.22	52.02	5.09			
2198	5.1	52.23	52.03	4.89			
2200	5.2	52.32	52.12	5.35			
2202	5.1	52.71	52.51	5.75			
2204	5.1	52.72	52.52	5.61			
2206	5	52.71	52.51	5.77			
2208	5.1	52.72	52.52	5.71			
2210	5.1	52.71	52.51	5.82			
2212	5.1	52.72	52.52	5.72			
2214	5.1	52.72	52.52	5.74			
2216	5.1	52.72	52.52	5.67			
2218	5.1	52.72	52.52	5.8			
2220	5.1	52.72	52.52	5.76			
2222	5.1	52.73	52.53	5.71			
2224	5.1	52.72	52.52	5.78			
2226	5.1	52.73	52.53	5.81			
2228	5.1	52.72	52.52	5.91			
2230	5.1	52.73	52.53	5.73			
2232	5.1	52.72	52.52	5.82			
2234	5	52.72	52.52	5.8			
2236	5.1	52.72	52.52	5.72			
2238	5	52.72	52.52	5.78			
2240	5.1	52.72	52.52	5.68			
2242	5.1	52.71	52.51	5.85			
2244	5.1	52.73	52.53	5.69			
2246	5.1	52.72	52.52	5.81			
2248	5.1	52.72	52.52	5.73			
2250	5.1	52.94	52.74	6.24			
2252	5.2	53.22	53.02	6.58			
2254	5.1	53.22	53.02	6.72			
2256	5	53.23	53.03	6.52			
2258	5.1	53.23	53.03	6.65			
2260	5.1	53.22	53.02	6.69			
2262	5.1	53.23	53.03	6.62			
2264	5	53.23	53.03	6.61			
2266	5.1	53.23	53.03	6.64			
2268	5.1	53.22	53.02	6.73			
2270	5.1	53.23	53.03	6.52			
2272	5.1	53.22	53.02	6.73			
2274	5	53.23	53.03	6.67			
2276	5.1	53.23	53.03	6.68			
2278	5	53.22	53.02	6.75			
2280	5.1	53.23	53.03	6.66			
2282	5.1	53.22	53.02	6.77			
2284	5.1	53.23	53.03	6.64			
2286	5.1	53.23	53.03	6.61			
2288	5.1	53.23	53.03	6.73			
2290	5.1	53.23	53.03	6.71			
2292	5.1	53.23	53.03	6.73			
2294	5.1	53.23	53.03	6.61			
2296	5	53.22	53.02	6.78			
2298	5	53.23	53.03	6.71			
2300	5.1	53.34	53.14	7.13			
2302	5.1	53.72	53.52	7.74			
2304	5.1	53.72	53.52	7.78			
2306	5.1	53.73	53.53	7.75			
2308	5.1	53.72	53.52	7.84			
2310	5	53.73	53.53	7.82			
2312	5.1	53.73	53.53	7.74			
2314	5.1	53.72	53.52	7.89			
2316	5.1	53.73	53.53	7.78			
2318	5.1	53.73	53.53	7.81			
2320	5.1	53.73	53.53	7.71			
2322	5	53.72	53.52	7.84			
2324	5.1	53.73	53.53	7.73			
2326	5.1	53.72	53.52	7.79			
2328	5.1	53.73	53.53	7.68			
2330	5.1	53.73	53.53	7.76			
2332	5.1	53.73	53.53	7.74			
2334	5.1	53.73	53.53	7.74			
2336	5	53.73	53.53	7.69			
2338	5.1	53.73	53.53	7.78			
2340	5	53.72	53.52	7.97			
2342	5.1	53.73	53.53	7.77			
2344	5.1	53.72	53.52	7.91			
2346	5.1	53.73	53.53	7.79			
2348	5.1	53.73	53.53	7.86			
2350	5.1	53.77	53.57	7.97			
2352	5.1	54.22	54.02	9.06			
2354	5.2	54.23	54.03	9.07			
2356	5	54.22	54.02	9.18			
2358	5.1	54.23	54.03	9.06			
2360	5.1	54.22	54.02	9.21			
2362	5	54.23	54.03	9.16			
2364	5.1	54.23	54.03	9.12			
2366	5.1	54.22	54.02	9.1			
2368	5.1	54.23	54.03	9.02			
2370	5.1	54.23	54.03	9.05			
2372	5.1	54.23	54.03	9.1			
2374	5.1	54.23	54.03	8.98			
2376	5.1	54.22	54.02	9.21			
2378	5	54.23	54.03	9.09			
2380	5.1	54.23	54.03	9.11			
2382	5	54.22	54.02	9.23			
2384	5.1	54.23	54.03	9.05			
2386	5	54.22	54.02	9.18			
2388	5.1	54.23	54.03	9.06			
2390	5.1	54.22	54.02	9.22			
2392	5.1	54.23	54.03	9.13			
2394	5.1	54.23	54.03	9.13			
2396	5.1	54.23	54.03	9.17			
2398	5	54.23	54.03	9.16			
2400	5.1	54.52	54.32	10.09			
2402	5.1	54.71	54.51	10.68			
2404	5.1	54.72	54.52	10.68			
2406	5.1	54.72	54.52	10.64			
2408	5.1	54.72	54.52	10.75			
2410	5	54.73	54.53	10.64			
2412	5.1	54.72	54.52	10.76			
2414	5.1	54.72	54.52	10.78			
2416	5.1	54.73	54.53	10.73			
2418	5	54.73	54.53	10.77			
2420	5.1	54.72	54.52	10.79			
2422	5.1	54.72	54.52	10.72			
2424	5	54.73	54.53	10.63			
2426	5.1	54.73	54.53	10.68			
2428	5.1	54.72	54.52	10.77			
2430	5	54.73	54.53	10.67			
2432	5	54.73	54.53	10.78			
2434	5.1	54.72	54.52	10.76			
2436	5.1	54.73	54.53	10.75			
2438	5.1	54.73	54.53	10.73			
2440	5	54.72	54.52	10.73			
2442	5.1	54.73	54.53	10.63			
2444	5	54.72	54.52	10.86			
2446	5	54.73	54.53	10.72			
2448	4.9	54.72	54.52	10.81			
2450	4.9	54.91	54.71	11.64			
2452	5.1	55.2	55	12.69			
2454	5.1	55.22	55.02	12.78			
2456	5.1	55.24	55.04	12.56			
2458	5.1	55.24	55.04	12.49			
2460	5.1	55.22	55.02	12.66			
2462	5.1	55.24	55.04	12.48			
2464	5.1	55.24	55.04	12.51			
2466	5.1	55.23	55.03	12.67			
2468	5.2	55.24	55.04	12.62			
2470	5.1	55.24	55.04	12.55			
2472	5.1	55.24	55.04	12.54			
2474	5.1	55.23	55.03	12.68			
2476	5	55.23	55.03	12.68			
2478	5.1	55.23	55.03	12.63			
2480	5.1	55.23	55.03	12.73			
2482	5.1	55.25	55.05	12.47			
2484	5.1	55.24	55.04	12.58			
2486	5.1	55.23	55.03	12.64			
2488	5.2	55.24	55.04	12.58			
2490	5.1	55.24	55.04	12.58			
2492	5.1	55.25	55.05	12.58			
2494	5.1	55.23	55.03	12.63			
2496	5.1	55.24	55.04	12.7			
2498	5.1	55.24	55.04	12.7			
2500	5.2	55.41	55.21	13.26			
2502	5.1	55.71	55.51	14.77			
2504	5.1	55.73	55.53	14.64			
2506	5	55.73	55.53	14.74			
2508	5.1	55.73	55.53	14.91			
2510	5.1	55.73	55.53	14.96			
2512	5	55.73	55.53	14.85			
2514	5.1	55.74	55.54	14.78			
2516	5	55.72	55.52	14.89			
2518	5.1	55.74	55.54	14.8			
2520	5	55.73	55.53	14.99			
2522	5.1	55.73	55.53	14.76			
2524	5	55.73	55.53	14.87			
2526	5	55.73	55.53	14.84			
2528	5	55.73	55.53	14.93			
2530	5	55.73	55.53	14.87			
2532	5	55.72	55.52	15.01			
2534	5	55.73	55.53	14.77			
2536	5	55.73	55.53	15			
2538	5	55.74	55.54	14.85			
2540	5.1	55.72	55.52	15.11			
2542	5.1	55.73	55.53	15.04			
2544	5	55.74	55.54	14.86			
2546	5	55.73	55.53	14.92			
2548	5	55.73	55.53	15.16			
2550	5	55.89	55.69	15.88			
2552	5.1	56.23	56.03	17.47			
2554	5	56.24	56.04	17.63			
2556	5	56.24	56.04	17.52			
2558	5	56.24	56.04	17.65			
2560	5	56.24	56.04	17.53			
2562	5	56.24	56.04	17.64			
2564	5	56.24	56.04	17.48			
2566	5	56.23	56.03	17.51			
2568	5	56.24	56.04	17.58			
2570	5.1	56.24	56.04	17.53			
2572	5	56.23	56.03	17.5			
2574	5	56.25	56.05	17.46			
2576	5	56.23	56.03	17.62			
2578	5	56.24	56.04	17.49			
2580	5	56.24	56.04	17.64			
2582	5	56.25	56.05	17.58			
2584	5	56.24	56.04	17.71			
2586	4.9	56.24	56.04	17.63			
2588	5	56.24	56.04	17.62			
2590	4.9	56.23	56.03	17.61			
2592	4.9	56.24	56.04	17.59			
2594	4.8	56.24	56.04	17.58			
2596	4.8	56.24	56.04	17.87			
2598	4.7	56.23	56.03	17.62			
2600	5	56.23	56.03	17.76			
2602	5	56.52	56.32	19.48			
2604	5.1	56.75	56.55	20.37			
2606	5	56.74	56.54	20.75			
2608	5	56.75	56.55	20.48			
2610	4.9	56.74	56.54	20.72			
2612	4.8	56.74	56.54	20.77			
2614	4.9	56.74	56.54	20.82			
2616	4.9	56.73	56.53	20.73			
2618	4.9	56.75	56.55	20.68			
2620	4.9	56.74	56.54	20.55			
2622	5	56.75	56.55	20.74			
2624	5	56.74	56.54	20.94			
2626	4.9	56.75	56.55	20.68			
2628	4.9	56.74	56.54	20.87			
2630	4.8	56.74	56.54	20.84			
2632	4.9	56.75	56.55	20.74			
2634	4.9	56.73	56.53	21.05			
2636	4.9	56.75	56.55	20.78			
2638	4.9	56.74	56.54	20.58			
2640	5	56.75	56.55	20.85			
2642	5.1	56.75	56.55	20.8			
2644	4.9	56.75	56.55	20.9			
2646	5.1	56.76	56.56	20.72			
2648	5.2	56.73	56.53	20.85			
2650	5.1	56.94	56.74	22.1			
2652	5.2	57.25	57.05	24.34			
2654	5.1	57.25	57.05	24.38			
2656	5.1	57.25	57.05	24.51			
2658	5.1	57.25	57.05	24.55			
2660	5.2	57.25	57.05	24.42			
2662	5.1	57.25	57.05	24.48			
2664	5.2	57.26	57.06	24.42			
2666	5.1	57.25	57.05	24.55			
2668	5.2	57.26	57.06	24.49			
2670	5.2	57.25	57.05	24.39			
2672	5.1	57.25	57.05	24.32			
2674	5.2	57.26	57.06	24.33			
2676	5.2	57.25	57.05	24.41			
2678	5.1	57.26	57.06	24.51			
2680	5.1	57.27	57.07	24.44			
2682	5.1	57.25	57.05	24.66			
2684	5.1	57.25	57.05	24.44			
2686	5.1	57.26	57.06	24.43			
2688	5.1	57.25	57.05	24.57			
2690	5.1	57.25	57.05	24.52			
2692	5.1	57.26	57.06	24.29			
2694	5.1	57.25	57.05	24.7			
2696	5	57.25	57.05	24.44			
2698	5	57.26	57.06	24.43			
2700	5	57.25	57.05	24.55			
2702	5	57.33	57.13	25.4			
2704	5	57.76	57.56	28.74			
2706	4.9	57.74	57.54	28.58			
2708	5	57.75	57.55	28.7			
2710	4.9	57.75	57.55	28.81			
2712	5	57.76	57.56	28.69			
2714	5	57.75	57.55	28.83			
2716	4.9	57.77	57.57	29.01			
2718	5	57.75	57.55	28.94			
2720	5	57.75	57.55	28.76			
2722	5.1	57.76	57.56	28.88			
2724	5.1	57.76	57.56	28.45			
2726	5	57.77	57.57	28.55			
2728	5.1	57.75	57.55	28.91			
2730	5.1	57.75	57.55	28.95			
2732	5	57.77	57.57	28.84			
2734	4.9	57.75	57.55	29.02			
2736	5.1	57.75	57.55	28.74			
2738	5	57.74	57.54	29.21			
2740	4.9	57.77	57.57	28.86			
2742	4.9	57.75	57.55	28.71			
2744	4.8	57.75	57.55	29.08			
2746	4.9	57.75	57.55	28.89			
2748	5	57.74	57.54	29.22			
2750	5	57.75	57.55	28.88			
2752	5.1	57.76	57.56	28.93			
2754	5	58.24	58.04	34.36			
2756	5	58.26	58.06	34.2			
2758	5.1	58.24	58.04	34.04			
2760	5.1	58.26	58.06	33.74			
2762	5	58.27	58.07	33.97			
2764	5	58.26	58.06	34.1			
2766	5.1	58.25	58.05	33.89			
2768	5.1	58.26	58.06	34.12			
2770	5.1	58.27	58.07	33.7			
2772	5	58.25	58.05	34.09			
2774	5.2	58.26	58.06	34.25			
2776	5.1	58.25	58.05	34.26			
2778	5.1	58.27	58.07	34.17			
2780	5.1	58.26	58.06	34.19			
2782	5.1	58.26	58.06	33.86			
2784	5.1	58.26	58.06	34.17			
2786	5.1	58.26	58.06	34.05			
2788	5	58.26	58.06	34.34			
2790	5.1	58.26	58.06	34			
2792	5.1	58.25	58.05	34.25			
2794	5.1	58.27	58.07	34.4			
2796	5.1	58.26	58.06	34.21			
2798	5.2	58.26	58.06	34.32			
2800	5.1	58.31	58.11	35.02			
2802	5.1	58.77	58.57	40.17			
2804	5.1	58.74	58.54	40.29			
2806	5.1	58.75	58.55	40.81			
2808	5.1	58.76	58.56	40.25			
2810	5.1	58.75	58.55	40.87			
2812	5.1	58.76	58.56	40.71			
2814	5.1	58.76	58.56	40.64			
2816	5.1	58.76	58.56	40.38			
2818	5	58.76	58.56	40.39			
2820	5.2	58.75	58.55	40.66			
2822	5.1	58.76	58.56	40.36			
2824	5.1	58.77	58.57	40.55			
2826	5.1	58.75	58.55	40.55			
2828	5.1	58.76	58.56	40.88			
2830	5.1	58.76	58.56	40.85			
2832	5	58.76	58.56	40.59			
2834	5.1	58.76	58.56	40.26			
2836	5.1	58.75	58.55	40.61			
2838	5.1	58.76	58.56	40.63			
2840	5.1	58.76	58.56	40.45			
2842	5.1	58.76	58.56	40.71			
2844	5.1	58.76	58.56	40.29			
2846	5.1	58.76	58.56	40.54			
2848	5	58.76	58.56	40.68			
2850	5.1	58.77	58.57	40.98			
2852	5.1	59.26	59.06	48.44			
2854	5.1	59.27	59.07	48.09			
2856	5.1	59.26	59.06	48.08			
2858	5	59.26	59.06	48.2			
2860	5.1	59.26	59.06	48.34			
2862	5.1	59.26	59.06	48.11			
2864	5	59.27	59.07	47.95			
2866	5	59.26	59.06	48.14			
2868	5	59.26	59.06	48.1			
2870	5	59.26	59.06	48.27			
2872	5	59.26	59.06	48.34			
2874	5.1	59.27	59.07	48.51			
2876	5	59.26	59.06	47.86			
2878	5	59.27	59.07	48.39			
2880	5.1	59.26	59.06	49.02			
2882	5	59.26	59.06	48.75			
2884	5.1	59.26	59.06	48.43			
2886	5	59.26	59.06	47.96			
2888	5.1	59.27	59.07	48.34			
2890	5	59.25	59.05	48.4			
2892	5.1	59.28	59.08	48.21			
2894	5	59.26	59.06	48.38			
2896	5.1	59.27	59.07	48.3			
2898	5	59.26	59.06	48.33			
2900	5.1	59.29	59.09	48.88			
2902	5.1	59.77	59.57	57.75			
2904	5.1	59.77	59.57	57.37			
2906	5	59.77	59.57	58.03			
2908	5.1	59.77	59.57	57.51			
2910	5.1	59.77	59.57	57.53			
2912	5	59.78	59.58	57.59			
2914	5	59.77	59.57	58.06			
2916	5	59.76	59.56	57.87			
2918	5	59.77	59.57	57.81			
2920	5	59.77	59.57	58.39			
2922	5	59.77	59.57	57.94			
2924	5	59.77	59.57	57.38			
2926	5.1	59.77	59.57	57.66			
2928	5	59.77	59.57	57.37			
2930	5	59.78	59.58	57.51			
2932	5	59.76	59.56	58.15			
2934	5	59.77	59.57	58.06			
2936	5.1	59.77	59.57	58.03			
2938	5	59.76	59.56	58.22			
2940	5.1	59.78	59.58	57.7			
2942	5	59.76	59.56	58.35			
2944	5.1	59.78	59.58	57.7			
2946	5	59.77	59.57	57.97			
2948	5.1	59.78	59.58	57.46			
2950	5	59.77	59.57	57.6			
2952	5	60.23	60.03	68.71			
2954	5.1	60.26	60.06	68.91			
2956	5	60.26	60.06	68.46			
2958	4.9	60.27	60.07	69.79			
2960	5	60.26	60.06	69.38			
2962	5	60.27	60.07	69.82			
2964	5.1	60.27	60.07	68.78			
2966	5	60.28	60.08	69.25			
2968	5	60.28	60.08	69.85			
2970	5	60.27	60.07	69.03			
2972	5	60.27	60.07	68.79			
2974	5	60.27	60.07	69.4			
2976	5	60.27	60.07	70.01			
2978	5	60.27	60.07	69.43			
2980	5.1	60.27	60.07	70.04			
2982	5.1	60.27	60.07	69.61			
2984	5	60.28	60.08	69.85			
2986	5	60.27	60.07	69.36			
2988	4.9	60.27	60.07	69.6			
2990	4.9	60.28	60.08	69.58			
2992	5.1	60.26	60.06	68.89			
2994	5.1	60.27	60.07	69.59			
2996	5.1	60.29	60.09	69.43			
2998	5.1	60.27	60.07	69.71			
3000	5.1	60.28	60.08	69.55			
